10 0 0 0 0 0 0 0 0 0 
0 7657 31382 28251 10089 20138 26287 13239 1770 14580 
7657 0 27170 10410 7352 24902 7630 6661 17978 21696 
31382 27170 0 10022 1733 31707 26986 26127 21620 11173 
28251 10410 10022 0 31202 15701 14426 23809 19315 11144 
10089 7352 1733 31202 0 27625 26670 7978 12001 21465 
20138 24902 31707 15701 27625 0 11509 31522 25353 486 
26287 7630 26986 14426 26670 11509 0 31121 17451 26098 
13239 6661 26127 23809 7978 31522 31121 0 7460 1445 
1770 17978 21620 19315 12001 25353 17451 7460 0 16311 
14580 21696 11173 11144 21465 486 26098 1445 16311 0 
