100 0 0 0 0 0 0 0 0 0 0 0 0 0 0 0 0 0 0 0 0 0 0 0 0 0 0 0 0 0 0 0 0 0 0 0 0 0 0 0 0 0 0 0 0 0 0 0 0 0 0 0 0 0 0 0 0 0 0 0 0 0 0 0 0 0 0 0 0 0 0 0 0 0 0 0 0 0 0 0 0 0 0 0 0 0 0 0 0 0 0 0 0 0 0 0 0 0 0 0 
0 3012 26471 16720 5088 833 30352 7231 5624 13943 31736 2596 23133 21253 16588 31463 30746 24266 25454 26960 10694 16497 29362 17838 16224 30521 27990 11720 19047 3594 25027 7683 24632 5556 10754 2004 3757 12937 0 31080 24306 2334 26117 17041 681 5725 8049 17139 1857 16078 13753 19823 11154 8486 17825 19663 13244 30735 4283 5555 22337 5945 3871 4539 9569 20386 32107 12277 31669 18209 8957 18056 27406 3896 19567 20896 9871 1819 13906 15261 22792 21755 25646 6775 31893 663 8122 3700 4215 2308 7255 11789 18737 22459 31442 11036 5862 8932 10586 7498 
3012 0 29838 5241 10031 23279 20761 9852 21520 23355 20684 22117 28359 10620 5130 27175 12444 17989 23710 3102 24891 19654 11262 15112 28956 31598 13533 21062 25903 2749 27639 9812 32715 28264 17432 29062 21208 23731 24941 3332 10043 14347 20495 12807 25985 14050 2508 16212 27599 26062 22328 16121 32008 24548 22515 10310 13632 22865 15931 6670 12128 22586 2485 2334 18458 14294 19832 7933 10767 20936 19802 17638 3902 27073 32382 5890 25519 14166 14109 15337 13664 10782 6547 23643 7535 17423 1709 14138 3720 9753 9009 3530 13456 11011 15534 25644 20883 11397 6533 21016 
26471 29838 0 23364 14526 32233 16238 32647 11867 1015 16476 6600 24653 13875 30003 22302 26471 7250 456 10345 18009 14125 6116 25176 19052 22257 21150 5310 30845 1670 13303 9493 16951 14398 8375 30802 32660 8130 30344 14315 26772 25913 6224 32294 2879 7610 3282 30115 31193 13556 2951 14379 11620 13339 5049 30906 22618 4628 27105 17611 9643 30948 5954 26850 8180 11349 18373 17503 15617 32234 8727 6273 18821 31237 30208 7864 12568 14934 23813 29231 24176 2437 10561 6297 12259 17443 16000 13882 15388 8909 12700 14648 25372 22946 18972 2084 26483 14567 16905 32707 
16720 5241 23364 0 27917 2593 23696 24787 22068 25813 19062 20444 3294 23781 5372 11713 14463 32484 21776 6169 1017 4337 4807 24061 27489 16441 9037 10797 25876 3763 8206 25444 12793 32022 25380 24311 24856 11550 13571 16820 21083 30720 5987 11000 17570 13610 22893 1554 15116 11583 24873 7639 17796 30033 22055 20101 30858 11872 6508 29148 8260 25874 13982 24953 31428 3507 14962 11126 1434 22640 6742 21823 10908 22991 6490 18615 22516 17266 22115 18315 20330 10508 28563 212 14579 3490 26354 9459 17530 13574 13409 5032 26350 30096 12480 116 32395 1567 18013 10544 
5088 10031 14526 27917 0 27762 26361 15513 7470 4218 30965 731 7028 19130 12293 10286 24959 19058 29715 17221 5600 9006 5260 16189 22656 13401 24222 19789 30593 20483 26546 13234 11860 11503 18476 9689 19227 28640 16993 4558 22080 22563 4568 3812 6229 23391 24260 22948 6701 15516 4545 2299 31547 27281 974 26783 14891 12594 18058 9409 19390 2681 178 13048 7146 6771 6874 9325 21809 8846 14442 19778 2625 30752 14556 27976 7628 19003 15667 17889 1193 17072 28094 18738 15915 20064 31758 20108 7873 6346 7476 30748 18638 1745 30782 13777 28618 15565 17652 4493 
833 23279 32233 2593 27762 0 5061 7030 9376 17540 16773 10336 11205 16942 25385 30999 23443 27054 26853 15163 2761 3724 28001 25632 23833 7612 25348 3025 5266 22845 9343 12361 17484 12789 13469 23791 20565 23499 14665 29266 26331 30725 32223 2598 24218 29156 2231 13183 9864 27005 4079 843 12990 18649 22903 13589 4777 24400 21090 22519 7281 7970 26987 17375 22953 22870 30917 21255 8504 5078 19239 7086 2695 21963 2071 9755 9707 1589 4982 23251 9812 14542 11339 9496 26678 1313 22227 1445 439 17381 24009 4520 18457 20126 30450 6655 30314 7542 22252 30390 
30352 20761 16238 23696 26361 5061 0 5312 29017 24166 31840 441 7110 9451 8885 21562 28751 13109 32654 28249 19300 9247 26661 3076 30624 20284 14197 8716 27014 1534 19608 1135 22397 30245 31585 24554 27149 23914 19260 21182 91 31339 8261 12481 17633 26329 10919 16040 3698 18144 14391 28818 18797 31190 17488 30680 25920 14375 25072 11284 544 19071 23571 7023 23302 17977 10318 20014 10220 31495 1967 2430 29768 32226 29140 7551 9672 32052 9802 2703 12111 19011 39 2520 11312 17376 26601 17691 24489 3664 32657 18878 21665 17529 25850 787 6565 3665 9855 18410 
7231 9852 32647 24787 15513 7030 5312 0 14704 7658 7198 18342 10580 15767 26651 28139 17059 6684 23588 11698 3584 25234 18686 16227 19082 29942 18215 19900 10918 22176 11199 13037 31760 15617 9916 15350 1823 8859 30285 3648 12631 9286 23437 2938 12085 8864 15468 20406 20790 25556 7898 9667 14376 12688 26934 3532 31924 12096 5109 12848 5675 25742 14485 26276 3216 14366 10692 3462 16870 22149 203 32644 24251 16779 19520 20845 11764 929 19437 5206 29658 17316 26106 27632 3172 13523 16737 5928 23751 7950 12691 18176 25659 31568 24421 24492 30734 24686 23361 32751 
5624 21520 11867 22068 7470 9376 29017 14704 0 27218 25125 12520 26281 7255 7929 8575 3515 12136 9436 10363 20882 22308 20530 6162 22526 2951 6963 5242 6654 3961 28456 19600 7061 18075 31206 8137 32232 26189 17291 23897 18331 19970 119 2210 32621 4807 23437 20191 29970 2577 13483 6672 21584 24518 3942 27943 24156 910 11785 30067 25973 31067 5328 32077 26305 22838 29024 11265 24168 2635 8842 16126 12782 1335 23616 10304 19669 10640 9174 15869 19315 29365 8317 26511 20495 6103 31741 29601 24130 25414 20402 925 22668 19713 22984 14420 31796 9336 30394 3054 
13943 23355 1015 25813 4218 17540 24166 7658 27218 0 7613 28981 16539 894 27552 16121 19238 5168 11961 1237 23199 8543 9674 6611 5118 19782 22297 25604 7099 5724 3262 24190 24125 1523 17448 22421 18819 19731 23792 25438 25618 27544 4834 15968 27933 15753 3912 7324 29178 2747 7545 8383 1220 29862 20129 30629 76 24198 6354 21521 1349 11189 15690 18091 7343 28742 518 11833 11139 28646 2696 15393 9120 1775 23524 18718 7669 22989 22544 30273 18927 26261 15468 22058 24101 21730 28559 6791 30273 8179 10836 461 2608 30466 18468 310 27277 28646 19077 26362 
31736 20684 16476 19062 30965 16773 31840 7198 25125 7613 0 29826 28966 2761 24209 20315 18431 12224 9925 25626 8802 25544 27165 1173 3608 24995 30453 18056 12135 6235 7484 24994 6093 3943 4047 25811 18684 33 2068 20179 8217 20583 2010 22005 9520 23183 21872 27437 31483 11919 3587 17503 27347 14445 27196 31210 18678 30692 4377 884 11514 13656 5387 8183 14993 24572 30544 29963 30334 321 19859 29045 25559 29056 26049 16112 25979 14826 1069 20282 8150 20400 6118 20577 22227 5230 343 5199 1057 18397 18208 14227 8618 22200 21811 4977 25680 13038 8754 18220 
2596 22117 6600 20444 731 10336 441 18342 12520 28981 29826 0 2000 10708 13567 28535 16026 6022 30891 6653 18376 11883 31172 31213 17391 6635 27046 13891 20779 3485 3572 27935 30451 18626 3208 17382 3358 31239 28829 19866 27190 32635 21818 25462 25851 16077 24801 19405 30010 4554 32376 19235 32719 790 32630 31628 6647 22314 4945 1604 20443 7565 16423 7055 14937 18006 18603 17619 28693 30688 11091 27890 7615 8399 9918 15084 20902 579 28522 6837 18045 11867 663 4179 14699 14060 17013 12604 5977 2178 18325 24557 3447 11671 5005 9678 18703 30225 4333 18244 
23133 28359 24653 3294 7028 11205 7110 10580 26281 16539 28966 2000 0 11356 13864 14411 11781 10305 9227 11053 12596 31066 28954 10234 27305 19045 29685 16686 7993 16013 31584 3287 17588 22266 6783 25657 31937 14233 18768 8382 14840 22316 5486 548 27456 26261 24323 10721 18794 31582 24078 22489 8974 18828 27606 21572 17061 30885 19629 13017 19175 24575 30185 23358 9574 13898 3103 691 24427 96 5538 765 4367 19275 7482 14992 10909 32150 16680 25088 17447 19416 27226 681 19302 7294 10218 31388 11222 26328 27356 14796 19730 22886 7704 9338 876 21347 22181 18141 
21253 10620 13875 23781 19130 16942 9451 15767 7255 894 2761 10708 11356 0 11968 19334 22018 30624 4390 5444 14594 14006 9125 9930 16299 16565 25169 29261 32236 12873 16847 9304 11716 2860 15012 5323 11952 4036 22463 16409 1623 26877 5193 17597 20083 7779 5291 8444 15362 18052 1760 11489 11181 2436 13820 3190 24439 20993 7420 5695 22954 18472 1232 27131 254 29463 31141 13213 31242 7285 9079 22152 25071 21071 19926 32010 22083 9013 11000 18458 30267 28820 7679 6997 18716 29525 6283 16694 13794 20151 22402 25493 30769 19817 2846 5217 15996 9450 13880 25249 
16588 5130 30003 5372 12293 25385 8885 26651 7929 27552 24209 13567 13864 11968 0 19746 27519 14273 17622 7031 8852 2072 24592 13796 16194 19327 4627 2237 7790 22880 6684 590 32714 26874 14542 12262 14222 23694 13449 16930 23672 20939 28678 1147 11782 9078 28471 5138 12018 18526 26204 25018 12270 15231 12137 19269 18080 22900 16791 22547 27871 24353 1864 25816 17455 30113 11807 19117 14714 30572 19807 19801 1296 23245 32387 23776 17121 28035 17438 30284 7928 19893 23285 12218 21051 19482 20826 15272 27488 9065 202 28541 8242 12542 17866 6488 8965 6861 4605 12573 
31463 27175 22302 11713 10286 30999 21562 28139 8575 16121 20315 28535 14411 19334 19746 0 29208 5069 7860 9004 15197 3005 5528 12965 30230 4897 27198 10678 389 23405 18264 8621 5511 23441 11377 29645 7521 7803 20697 23661 7625 16851 20435 17491 29239 8433 2557 19533 28012 26658 26622 30481 10563 3099 27254 3414 4535 25021 13089 6194 30516 21002 29517 3509 13346 26214 27518 3014 12719 10515 26719 15677 22492 5606 26860 17730 13513 5966 23005 19684 26436 19335 4692 3836 6287 3609 32202 32324 4466 407 7990 25010 13952 5525 22911 793 30637 17641 10531 19458 
30746 12444 26471 14463 24959 23443 28751 17059 3515 19238 18431 16026 11781 22018 27519 29208 0 29898 16512 17941 10039 7393 16342 6183 23683 12457 25499 13532 23322 13501 12906 25531 22166 11833 10576 21861 5464 10051 17166 10823 28266 8919 9101 1666 16793 3030 9121 24345 17869 27473 14594 27741 18860 29202 30342 28053 17006 8555 8355 10737 17666 8002 4644 23217 17762 348 27946 27280 14386 7145 21606 13942 29343 8016 10388 15197 25718 4411 1594 23939 2179 27877 32673 13521 10027 30371 20243 2699 18252 3760 32087 29753 26964 3901 14441 14292 26783 440 22142 25908 
24266 17989 7250 32484 19058 27054 13109 6684 12136 5168 12224 6022 10305 30624 14273 5069 29898 0 25175 21619 23797 19184 32525 1662 17772 13686 2390 14437 5050 31252 6484 6469 23430 2984 1227 8680 28949 2801 14703 12471 24508 6950 10863 32256 29063 17623 7488 25706 13354 771 25006 14772 10024 22138 16672 13236 32578 31605 12587 5519 11042 7539 5465 8501 1352 9557 7226 2335 24372 32188 939 24140 20947 27042 20582 13944 32558 18742 17610 1694 12625 26876 8939 28080 633 14117 1500 27541 31361 31531 24123 16482 19854 27568 24061 28636 10233 16024 24443 9518 
25454 23710 456 21776 29715 26853 32654 23588 9436 11961 9925 30891 9227 4390 17622 7860 16512 25175 0 5243 15364 15168 27715 2133 16209 7891 23644 12622 28652 10026 10981 12537 18324 13589 12224 15599 4902 26827 18433 15071 16214 5140 15691 21461 29101 436 3948 2762 10690 15898 31798 8812 26300 19786 24992 24110 3335 31239 22045 27283 2133 10821 4924 30902 26071 25805 3712 22812 25275 29744 23681 8638 10985 21233 14915 11089 17402 19694 22741 29144 24696 527 18221 9324 5980 13874 5698 28745 15300 6741 4971 21276 20723 31492 13558 139 22158 4 5388 9989 
26960 3102 10345 6169 17221 15163 28249 11698 10363 1237 25626 6653 11053 5444 7031 9004 17941 21619 5243 0 6512 24067 13821 24552 22583 2970 27027 9402 1685 5579 10034 32404 22844 28116 7077 11478 19590 27584 32030 15274 11848 10217 17699 31255 17112 21681 17342 26215 20827 5244 30693 11451 9043 2032 22823 5099 17257 4207 32407 29858 1910 724 20221 5817 12760 18029 9786 4308 13810 7225 7163 1595 27652 2658 22434 24313 16429 10236 7537 22074 10428 17663 247 31457 28606 10882 26815 32360 7109 28473 20278 28156 1013 7216 27869 12760 23380 7625 14256 28385 
10694 24891 18009 1017 5600 2761 19300 3584 20882 23199 8802 18376 12596 14594 8852 15197 10039 23797 15364 6512 0 12563 12009 14037 19574 23072 30280 13804 18574 24749 21373 24212 3963 30198 25309 4633 17241 10181 22913 13429 32478 17406 1923 14844 5686 15214 20089 21061 8736 4052 18482 23644 12616 6448 6575 4133 15335 11850 11875 2323 13720 31877 22446 7690 22909 6885 3223 12944 3218 9310 17865 27962 29263 25951 12752 32597 3972 26782 15764 27092 6001 28453 11540 27513 16164 8092 16487 1094 13079 30936 8432 14885 2825 21412 4832 2774 22556 32718 9969 14105 
16497 19654 14125 4337 9006 3724 9247 25234 22308 8543 25544 11883 31066 14006 2072 3005 7393 19184 15168 24067 12563 0 25418 31307 31446 16819 7568 28197 6580 4709 3702 3921 9484 4641 14572 7065 12539 5561 13975 3521 8398 11951 8473 9343 21616 13006 7839 4536 30486 8710 23984 19969 23336 1676 3123 19540 3955 11057 5570 2577 6540 17410 13613 14136 391 25889 9553 29413 6872 25570 32026 22539 13960 32297 726 22131 10908 25602 699 5111 23233 32641 29883 20987 11836 5851 32134 4908 7953 9412 5856 32124 20081 779 27429 13405 19049 17268 12312 10044 
29362 11262 6116 4807 5260 28001 26661 18686 20530 9674 27165 31172 28954 9125 24592 5528 16342 32525 27715 13821 12009 25418 0 29604 13968 7287 16431 14207 9795 531 29614 18771 3485 31962 3657 2737 247 21444 22596 22340 31770 8383 9960 24535 2547 10713 26329 3238 2200 8110 22713 29417 17787 27923 23550 10653 28140 1028 25616 2453 4051 21450 29606 9408 9902 21617 14945 188 28873 21352 12456 24731 2236 28025 19910 10740 32554 25068 13378 12589 28855 10998 28798 30982 21578 1894 9618 12648 32131 24978 17514 368 3967 16255 10525 26806 23498 10320 14992 17378 
17838 15112 25176 24061 16189 25632 3076 16227 6162 6611 1173 31213 10234 9930 13796 12965 6183 1662 2133 24552 14037 31307 29604 0 13889 30433 19677 9491 28929 12473 16524 15184 8591 10293 14210 13386 22732 30749 22878 22837 29265 10071 32699 4315 3394 19817 1815 26810 12372 1838 2304 25691 25884 14295 27525 12020 22169 21029 29147 2880 16132 9700 14926 7582 12502 28074 21866 27752 1818 6353 25193 12949 2293 3505 23775 24721 3186 24609 1956 26459 9361 14384 8450 10720 9874 25887 19487 12439 4734 22690 23468 31581 10998 1624 27086 3473 18496 25479 26955 4211 
16224 28956 19052 27489 22656 23833 30624 19082 22526 5118 3608 17391 27305 16299 16194 30230 23683 17772 16209 22583 19574 31446 13968 13889 0 2547 20319 24670 11828 18215 26510 14142 24697 10241 28701 17873 672 19737 12507 23529 21768 25513 20655 6552 31355 10260 4811 17369 15369 30647 22578 18041 26402 32238 8557 3915 8694 18537 3208 11916 21008 20145 2898 26772 28976 14580 19926 9406 27753 29208 7444 26008 27003 20735 8707 13902 3698 25879 21707 14675 10111 12837 4158 17489 18197 26450 1432 13650 15430 23925 3191 27951 31584 26786 2844 6968 21699 18675 29411 17957 
30521 31598 22257 16441 13401 7612 20284 29942 2951 19782 24995 6635 19045 16565 19327 4897 12457 13686 7891 2970 23072 16819 7287 30433 2547 0 31651 16283 4677 2670 39 30708 18539 5559 22764 19836 5922 12225 12914 3686 956 19218 15612 7473 25936 27052 25818 8862 2335 6064 15866 14318 2115 5168 28336 1376 15006 17491 9668 4330 29441 19630 26557 14645 28827 27873 16237 6366 12709 31089 7613 19947 4939 4068 29881 24971 27356 24866 23005 19473 1076 11787 15265 20786 12649 21075 30275 12414 22453 31141 21460 26140 9635 23288 17285 30665 24188 5675 21553 2578 
27990 13533 21150 9037 24222 25348 14197 18215 6963 22297 30453 27046 29685 25169 4627 27198 25499 2390 23644 27027 30280 7568 16431 19677 20319 31651 0 22263 30529 9175 10798 22974 9144 27960 6219 3115 29138 11232 3123 2704 15940 22958 17999 9573 1409 2822 8153 15190 9842 28414 30778 10893 4470 17608 9381 25921 8092 29282 15859 30078 3614 10364 26816 31797 23072 16297 29639 30599 30890 15049 26746 23630 9955 6837 27109 20204 20111 28460 32195 1879 15051 20732 7137 11364 6406 12660 8114 12883 578 11018 30771 2203 2187 16200 12800 8951 1208 11771 14263 10672 
11720 21062 5310 10797 19789 3025 8716 19900 5242 25604 18056 13891 16686 29261 2237 10678 13532 14437 12622 9402 13804 28197 14207 9491 24670 16283 22263 0 10292 2325 14996 17487 5332 3320 6069 28603 28301 12396 16206 20702 6446 20869 15509 20093 23121 9155 26955 454 296 24471 5541 4713 18823 4632 10617 10483 17970 2305 10925 4974 24168 5870 21724 30774 10927 11223 11850 13085 15584 32204 17929 14530 8053 15857 1900 7214 6162 5564 20139 4783 31058 26733 10967 4600 4051 5326 30977 25721 30339 13100 17573 20475 24107 2964 6491 10880 5180 16466 12737 31065 
19047 25903 30845 25876 30593 5266 27014 10918 6654 7099 12135 20779 7993 32236 7790 389 23322 5050 28652 1685 18574 6580 9795 28929 11828 4677 30529 10292 0 29536 24609 8640 17193 25183 8213 17439 4521 18556 4375 11396 3485 26734 27698 24077 30056 5534 13270 11680 22437 5551 27667 7583 6664 8522 26389 30415 27252 4142 25055 19082 30300 31863 27979 18979 1117 26926 24385 8088 19484 14353 18485 13182 10332 31396 10471 3113 32611 27255 25686 12827 32143 5304 10756 17839 32307 1276 21616 12805 16055 31562 30672 10544 14318 31080 7438 21917 14777 13161 25861 27846 
3594 2749 1670 3763 20483 22845 1534 22176 3961 5724 6235 3485 16013 12873 22880 23405 13501 31252 10026 5579 24749 4709 531 12473 18215 2670 9175 2325 29536 0 9386 2862 21284 3557 30092 28650 23906 7650 5603 12563 29372 11290 2687 24329 27260 13446 23810 22981 25661 22893 25387 28114 9048 4353 18791 14735 11153 20792 11418 22180 2813 21997 20266 962 32053 23862 13645 19102 21441 30215 13459 24110 20414 15623 17077 11557 22737 9137 3999 25772 15696 7598 14011 24418 26542 20593 4992 15510 13607 8468 1339 7107 22956 15473 11804 14412 32016 30084 31106 24952 
25027 27639 13303 8206 26546 9343 19608 11199 28456 3262 7484 3572 31584 16847 6684 18264 12906 6484 10981 10034 21373 3702 29614 16524 26510 39 10798 14996 24609 9386 0 32269 12915 27408 25109 16154 6204 22756 9912 13136 17993 31950 15065 7294 16232 16468 3781 32429 633 8978 15209 14630 10271 8677 4785 18115 15556 9045 547 12667 4819 5448 9146 1319 2352 10212 6407 19866 507 20932 3206 27616 1413 2398 30013 20181 19858 24499 30874 23273 13520 26681 1677 3377 18071 6661 3044 9649 27363 5691 22247 25832 27278 32698 2612 10396 18385 20483 14811 29671 
7683 9812 9493 25444 13234 12361 1135 13037 19600 24190 24994 27935 3287 9304 590 8621 25531 6469 12537 32404 24212 3921 18771 15184 14142 30708 22974 17487 8640 2862 32269 0 1586 19339 27555 12675 5640 31347 11647 14738 9303 22718 4087 29844 20123 20873 23194 10915 16175 29361 13325 12046 17427 26449 24830 20346 12538 25211 3147 10549 22678 30262 1134 221 10535 4792 6699 30769 14401 10724 3197 15926 18908 13061 11708 5517 7842 2764 11794 19731 5491 27527 14112 1721 27708 31139 17644 26789 11257 8291 26638 5258 3080 15073 23834 323 22704 17733 9551 4790 
24632 32715 16951 12793 11860 17484 22397 31760 7061 24125 6093 30451 17588 11716 32714 5511 22166 23430 18324 22844 3963 9484 3485 8591 24697 18539 9144 5332 17193 21284 12915 1586 0 15509 24492 29517 14407 20850 26762 2510 7107 14136 1609 1504 14281 30079 22766 21157 22654 31902 22581 25245 3089 9782 18120 21070 11416 25858 2494 22584 9259 12253 8278 11767 18238 29715 14323 24249 24899 6892 6234 9954 20351 28277 25643 20733 17964 27025 27037 15333 7119 16191 32637 30260 14043 9517 10856 6891 31111 11645 1607 23395 18411 15318 12299 25203 1121 25006 11177 31969 
5556 28264 14398 32022 11503 12789 30245 15617 18075 1523 3943 18626 22266 2860 26874 23441 11833 2984 13589 28116 30198 4641 31962 10293 10241 5559 27960 3320 25183 3557 27408 19339 15509 0 5865 30740 19091 16158 6070 4675 28075 28570 2499 25730 13789 25232 26860 8990 7466 14635 19186 29000 20597 5559 30150 10521 495 15415 18705 15304 3263 325 18183 9769 22005 9007 18541 13673 5808 26958 10216 6151 31629 9640 28808 30485 17747 29896 23443 5040 22236 22492 10646 9404 23622 1296 8873 28900 30554 2602 18945 24784 7484 7526 4283 1448 4435 14483 5095 20425 
10754 17432 8375 25380 18476 13469 31585 9916 31206 17448 4047 3208 6783 15012 14542 11377 10576 1227 12224 7077 25309 14572 3657 14210 28701 22764 6219 6069 8213 30092 25109 27555 24492 5865 0 3007 1220 27924 15865 26333 18589 2807 13753 13178 21757 12659 18096 13220 24720 26231 30924 19891 7774 30100 4206 9295 30343 32302 452 26050 19263 5862 1640 24192 1548 12870 12601 6899 26943 12461 7289 9355 25007 19324 3623 9733 21692 17794 11934 762 9859 3237 11630 11947 29789 14545 28793 19979 16286 5157 10577 28941 1163 6235 27857 28463 31131 3448 10490 13126 
2004 29062 30802 24311 9689 23791 24554 15350 8137 22421 25811 17382 25657 5323 12262 29645 21861 8680 15599 11478 4633 7065 2737 13386 17873 19836 3115 28603 17439 28650 16154 12675 29517 30740 3007 0 11876 20850 29130 21202 6711 27529 4506 24233 6390 24503 14367 10738 22669 8166 12797 20957 21205 29198 12164 7067 4956 30132 23189 13954 22645 27045 1494 13415 23426 11763 24857 21559 19584 15920 24329 31446 19668 8169 14359 30268 30036 357 13988 26318 13208 1182 14446 27385 2690 29311 4415 26901 523 21087 15060 4983 21071 8637 32266 727 5594 10301 335 740 
3757 21208 32660 24856 19227 20565 27149 1823 32232 18819 18684 3358 31937 11952 14222 7521 5464 28949 4902 19590 17241 12539 247 22732 672 5922 29138 28301 4521 23906 6204 5640 14407 19091 1220 11876 0 8202 23739 30356 16582 28999 5594 19149 24748 11406 26575 1620 1719 12564 32605 8467 19598 29409 4936 992 947 23124 21143 12841 607 25334 1803 20708 31388 1411 10206 14005 14242 14645 22719 29024 23926 6226 4365 27762 1728 29689 26451 9514 23788 25384 15620 6061 1668 6417 18039 20841 1996 3742 11044 21705 29087 19265 14879 14874 31368 22784 28373 14780 
12937 23731 8130 11550 28640 23499 23914 8859 26189 19731 33 31239 14233 4036 23694 7803 10051 2801 26827 27584 10181 5561 21444 30749 19737 12225 11232 12396 18556 7650 22756 31347 20850 16158 27924 20850 8202 0 23081 9623 29427 27486 23520 23420 10134 1492 8244 20088 25540 200 10449 26755 1272 28247 14934 1481 31258 143 419 10159 19698 23815 7264 4102 3279 3772 20688 16525 1656 12845 215 6828 30034 14266 9289 7023 6610 22585 22133 28608 24869 6105 17137 23784 2589 29499 32166 14663 29534 4814 4638 29010 32457 8298 22029 21709 13864 6960 19230 10314 
0 24941 30344 13571 16993 14665 19260 30285 17291 23792 2068 28829 18768 22463 13449 20697 17166 14703 18433 32030 22913 13975 22596 22878 12507 12914 3123 16206 4375 5603 9912 11647 26762 6070 15865 29130 23739 23081 0 5670 17169 5651 559 3983 11751 9874 26196 19618 22573 5346 17004 23147 27177 8216 19912 8273 11470 12412 5115 14107 7543 19643 2872 1858 24037 13386 7402 14969 15478 19228 31892 19577 20647 17031 26859 18193 26572 11123 13104 30062 15885 24005 10451 6822 16291 24842 15173 30603 20051 16999 541 11181 18218 959 29550 15792 17531 4134 28262 22223 
31080 3332 14315 16820 4558 29266 21182 3648 23897 25438 20179 19866 8382 16409 16930 23661 10823 12471 15071 15274 13429 3521 22340 22837 23529 3686 2704 20702 11396 12563 13136 14738 2510 4675 26333 21202 30356 9623 5670 0 22067 23094 5132 20644 10811 15061 13561 17173 20916 26661 5030 13758 20925 1177 14993 16031 20074 7174 4207 31887 16283 29724 1305 27734 4354 27938 26556 17419 31086 28405 21056 28848 5469 7746 22008 4619 4289 22018 21898 4294 27665 8502 14368 10953 10386 12516 25040 4566 26598 2641 7497 30822 19158 27007 25279 10435 7004 5096 10264 614 
24306 10043 26772 21083 22080 26331 91 12631 18331 25618 8217 27190 14840 1623 23672 7625 28266 24508 16214 11848 32478 8398 31770 29265 21768 956 15940 6446 3485 29372 17993 9303 7107 28075 18589 6711 16582 29427 17169 22067 0 21368 17996 1640 26136 26121 22833 28381 13450 13334 26119 13202 20030 30519 31755 28151 2590 32224 2764 17914 28865 10736 2924 25264 3137 16000 11800 18501 4700 2281 18372 20261 17613 12566 31787 8298 9195 15627 24582 25480 20355 5045 3979 2359 12787 2803 29992 24480 20871 19685 15487 23499 25623 8308 11685 17480 224 24865 27798 10524 
2334 14347 25913 30720 22563 30725 31339 9286 19970 27544 20583 32635 22316 26877 20939 16851 8919 6950 5140 10217 17406 11951 8383 10071 25513 19218 22958 20869 26734 11290 31950 22718 14136 28570 2807 27529 28999 27486 5651 23094 21368 0 21874 1862 17382 2602 8835 22610 25268 25030 31777 25057 5364 22183 26760 1364 19542 26525 28151 32149 24204 5689 1787 15633 1459 11621 2557 1013 20994 30272 20494 10925 30902 30526 9968 23705 11324 6528 23144 16145 27040 20592 24771 16540 26421 8096 30374 3179 4229 6884 13849 24091 15226 15533 29910 12715 717 11943 30157 3002 
26117 20495 6224 5987 4568 32223 8261 23437 119 4834 2010 21818 5486 5193 28678 20435 9101 10863 15691 17699 1923 8473 9960 32699 20655 15612 17999 15509 27698 2687 15065 4087 1609 2499 13753 4506 5594 23520 559 5132 17996 21874 0 13978 19062 21375 12619 18170 17767 15383 13262 6657 19029 2923 30466 17020 24799 18040 10589 14239 31141 13053 26982 11027 7421 29612 16145 13884 17906 22932 22365 27343 9597 5837 24112 4755 18950 15973 4721 10871 26396 15754 28775 25812 14707 14840 3664 16131 17182 421 1860 30241 23566 30634 4172 26401 21194 10868 5053 9747 
17041 12807 32294 11000 3812 2598 12481 2938 2210 15968 22005 25462 548 17597 1147 17491 1666 32256 21461 31255 14844 9343 24535 4315 6552 7473 9573 20093 24077 24329 7294 29844 1504 25730 13178 24233 19149 23420 3983 20644 1640 1862 13978 0 6729 8579 24233 26011 16939 31540 31179 14634 4890 18708 23470 26362 8226 14304 30055 20895 600 22280 208 2384 15531 29735 1148 29707 6889 22208 4317 19433 22548 22586 8883 4030 6117 5149 22199 16884 32672 11405 23175 4520 31258 24327 18132 18948 29448 25947 20170 9183 5514 24297 28863 21907 23031 15903 5151 32030 
681 25985 2879 17570 6229 24218 17633 12085 32621 27933 9520 25851 27456 20083 11782 29239 16793 29063 29101 17112 5686 21616 2547 3394 31355 25936 1409 23121 30056 27260 16232 20123 14281 13789 21757 6390 24748 10134 11751 10811 26136 17382 19062 6729 0 6105 15261 18137 22517 11039 4094 4863 11713 15531 6542 29835 113 21297 20421 11059 1011 24149 1215 22205 7087 5173 2422 28324 28003 11833 9795 14091 7744 4377 9110 24295 5700 11311 24308 13159 26073 7167 10290 5287 10670 23555 25327 6036 2260 5051 10326 290 10524 19188 25876 1708 13744 4440 12183 32682 
5725 14050 7610 13610 23391 29156 26329 8864 4807 15753 23183 16077 26261 7779 9078 8433 3030 17623 436 21681 15214 13006 10713 19817 10260 27052 2822 9155 5534 13446 16468 20873 30079 25232 12659 24503 11406 1492 9874 15061 26121 2602 21375 8579 6105 0 24334 13549 16973 3398 18263 30146 12246 23269 1970 28137 1836 9811 6571 26607 28407 1748 18397 21304 14445 15675 12616 3324 5828 11654 20433 12676 22489 5816 19993 29093 2593 9462 14466 10365 15312 14821 21887 11628 16200 1857 12571 7765 8388 22465 10187 7702 14660 8746 31864 17220 2746 17073 17863 13098 
8049 2508 3282 22893 24260 2231 10919 15468 23437 3912 21872 24801 24323 5291 28471 2557 9121 7488 3948 17342 20089 7839 26329 1815 4811 25818 8153 26955 13270 23810 3781 23194 22766 26860 18096 14367 26575 8244 26196 13561 22833 8835 12619 24233 15261 24334 0 6581 20561 9225 23588 31271 24747 22822 17323 8721 13874 8864 13224 21696 21921 18456 18803 6136 6402 7558 12868 18687 14694 1634 18325 6378 21730 15891 15799 31787 11469 4504 16563 22874 6200 30326 7010 835 26286 10977 17614 18992 12077 19244 28619 12408 18275 2165 30929 3656 24364 27788 19996 12463 
17139 16212 30115 1554 22948 13183 16040 20406 20191 7324 27437 19405 10721 8444 5138 19533 24345 25706 2762 26215 21061 4536 3238 26810 17369 8862 15190 454 11680 22981 32429 10915 21157 8990 13220 10738 1620 20088 19618 17173 28381 22610 18170 26011 18137 13549 6581 0 3725 12104 13089 11934 24928 18372 17281 20863 28912 24017 13976 26350 1271 12855 31950 8657 26185 17855 12264 19332 12707 32689 11759 32502 13748 1162 32090 2564 10347 14589 26243 4373 16259 11565 28232 20726 30796 27687 7679 6902 6843 27557 17567 26436 17332 6144 7467 6536 662 14454 1634 21440 
1857 27599 31193 15116 6701 9864 3698 20790 29970 29178 31483 30010 18794 15362 12018 28012 17869 13354 10690 20827 8736 30486 2200 12372 15369 2335 9842 296 22437 25661 633 16175 22654 7466 24720 22669 1719 25540 22573 20916 13450 25268 17767 16939 22517 16973 20561 3725 0 18789 23593 13624 15439 9012 5100 6516 29942 10340 21313 8559 32167 3978 12185 10215 14098 8247 14172 27960 13107 12171 20768 22021 19242 3066 16169 14121 12125 25692 801 23260 19915 30266 7704 11048 10930 3927 26813 11662 1892 11900 32733 15348 29542 20361 284 9937 9161 11960 5106 11419 
16078 26062 13556 11583 15516 27005 18144 25556 2577 2747 11919 4554 31582 18052 18526 26658 27473 771 15898 5244 4052 8710 8110 1838 30647 6064 28414 24471 5551 22893 8978 29361 31902 14635 26231 8166 12564 200 5346 26661 13334 25030 15383 31540 11039 3398 9225 12104 18789 0 19589 15002 4168 12472 12629 20745 26893 28389 1104 28158 11631 29744 4368 26353 18890 19471 22866 25983 3997 5722 26434 23405 25589 29664 13061 20190 32534 328 26507 31443 10602 31786 4758 32740 8623 28269 3077 8508 6235 31714 8294 18906 27731 11809 19131 22021 5324 23203 2443 23823 
13753 22328 2951 24873 4545 4079 14391 7898 13483 7545 3587 32376 24078 1760 26204 26622 14594 25006 31798 30693 18482 23984 22713 2304 22578 15866 30778 5541 27667 25387 15209 13325 22581 19186 30924 12797 32605 10449 17004 5030 26119 31777 13262 31179 4094 18263 23588 13089 23593 19589 0 3921 12863 10146 29134 1374 30079 6305 13745 26250 1729 8528 7635 16737 13722 14521 24108 6388 14144 25032 24171 30952 19261 21887 14665 196 11380 602 7725 29303 2645 3328 28928 4135 1628 15915 17490 21825 29134 2521 2477 22204 18358 7091 5176 22192 7965 5308 18832 22295 
19823 16121 14379 7639 2299 843 28818 9667 6672 8383 17503 19235 22489 11489 25018 30481 27741 14772 8812 11451 23644 19969 29417 25691 18041 14318 10893 4713 7583 28114 14630 12046 25245 29000 19891 20957 8467 26755 23147 13758 13202 25057 6657 14634 4863 30146 31271 11934 13624 15002 3921 0 20009 10160 22583 31441 6773 5090 1741 10984 24128 21994 18435 2334 11444 31835 5209 19563 10533 5914 25145 28431 2269 26840 6114 15533 12331 6352 22165 22178 13998 24765 2817 19115 24287 29470 28396 6070 19676 5549 26658 15623 2171 11291 28834 12174 5774 12049 29702 20871 
11154 32008 11620 17796 31547 12990 18797 14376 21584 1220 27347 32719 8974 11181 12270 10563 18860 10024 26300 9043 12616 23336 17787 25884 26402 2115 4470 18823 6664 9048 10271 17427 3089 20597 7774 21205 19598 1272 27177 20925 20030 5364 19029 4890 11713 12246 24747 24928 15439 4168 12863 20009 0 28565 6063 14359 32606 10288 2793 14781 5391 23708 27708 5040 25716 17932 21715 8309 31424 10946 6434 22974 7233 14747 8985 7702 7484 25819 16550 5070 1288 18490 8816 21798 22376 26159 1746 20927 8237 18556 19733 4415 7436 20473 27890 17222 8636 16292 3654 18576 
8486 24548 13339 30033 27281 18649 31190 12688 24518 29862 14445 790 18828 2436 15231 3099 29202 22138 19786 2032 6448 1676 27923 14295 32238 5168 17608 4632 8522 4353 8677 26449 9782 5559 30100 29198 29409 28247 8216 1177 30519 22183 2923 18708 15531 23269 22822 18372 9012 12472 10146 10160 28565 0 673 26777 32056 19141 25270 1957 16811 4540 6820 22990 16380 22243 5843 4406 11008 9637 29407 18296 18750 19611 23266 23713 23127 32040 4098 32370 7608 18773 23613 21460 26242 7151 372 2203 26808 1758 28598 13694 11179 968 20173 24662 19874 742 9998 4246 
17825 22515 5049 22055 974 22903 17488 26934 3942 20129 27196 32630 27606 13820 12137 27254 30342 16672 24992 22823 6575 3123 23550 27525 8557 28336 9381 10617 26389 18791 4785 24830 18120 30150 4206 12164 4936 14934 19912 14993 31755 26760 30466 23470 6542 1970 17323 17281 5100 12629 29134 22583 6063 673 0 6789 17948 12154 3998 17449 28145 12968 29670 29798 22335 6030 311 4038 6712 24923 23023 30059 26876 21174 31726 21017 3922 32484 25330 31364 3748 16442 23859 22746 4672 16324 28222 14739 14284 31287 23574 887 26634 28180 17032 9969 15309 24348 18637 20626 
19663 10310 30906 20101 26783 13589 30680 3532 27943 30629 31210 31628 21572 3190 19269 3414 28053 13236 24110 5099 4133 19540 10653 12020 3915 1376 25921 10483 30415 14735 18115 20346 21070 10521 9295 7067 992 1481 8273 16031 28151 1364 17020 26362 29835 28137 8721 20863 6516 20745 1374 31441 14359 26777 6789 0 2951 6953 2538 7065 9026 31531 22944 17018 15699 1323 16594 6990 16147 32585 14552 17633 16660 22084 386 4631 32754 6649 10759 11011 30809 18972 815 29768 31318 28470 26302 22708 16353 15326 35 20761 21162 12859 610 18030 19748 2489 30526 10791 
13244 13632 22618 30858 14891 4777 25920 31924 24156 76 18678 6647 17061 24439 18080 4535 17006 32578 3335 17257 15335 3955 28140 22169 8694 15006 8092 17970 27252 11153 15556 12538 11416 495 30343 4956 947 31258 11470 20074 2590 19542 24799 8226 113 1836 13874 28912 29942 26893 30079 6773 32606 32056 17948 2951 0 19747 32299 12101 9108 6971 14114 4251 19248 20970 5596 13823 25004 28607 19713 20093 20609 20588 12492 5599 16911 10062 19532 24919 32125 2358 15064 22891 23766 4477 467 3365 14688 28232 26272 19067 27199 24599 31976 26620 12618 30867 26890 27579 
30735 22865 4628 11872 12594 24400 14375 12096 910 24198 30692 22314 30885 20993 22900 25021 8555 31605 31239 4207 11850 11057 1028 21029 18537 17491 29282 2305 4142 20792 9045 25211 25858 15415 32302 30132 23124 143 12412 7174 32224 26525 18040 14304 21297 9811 8864 24017 10340 28389 6305 5090 10288 19141 12154 6953 19747 0 1386 9080 5567 7154 2292 1873 22079 32158 27287 30020 19541 18257 30284 32220 25100 16425 13388 4207 14256 25922 6497 1302 59 31826 27250 7915 3841 21637 8008 644 665 20890 20646 23727 14607 7486 32136 13680 31048 6823 13242 11063 
4283 15931 27105 6508 18058 21090 25072 5109 11785 6354 4377 4945 19629 7420 16791 13089 8355 12587 22045 32407 11875 5570 25616 29147 3208 9668 15859 10925 25055 11418 547 3147 2494 18705 452 23189 21143 419 5115 4207 2764 28151 10589 30055 20421 6571 13224 13976 21313 1104 13745 1741 2793 25270 3998 2538 32299 1386 0 426 10758 19971 20777 8528 30797 3229 652 29660 17193 28330 8137 11929 6440 20545 16736 23415 31508 13439 1828 11033 30383 32177 7572 24097 11695 6850 17790 20927 1276 21991 14801 31606 30760 12425 4034 24625 19758 30834 27939 21126 
5555 6670 17611 29148 9409 22519 11284 12848 30067 21521 884 1604 13017 5695 22547 6194 10737 5519 27283 29858 2323 2577 2453 2880 11916 4330 30078 4974 19082 22180 12667 10549 22584 15304 26050 13954 12841 10159 14107 31887 17914 32149 14239 20895 11059 26607 21696 26350 8559 28158 26250 10984 14781 1957 17449 7065 12101 9080 426 0 8271 22112 2428 13467 25823 4475 811 17289 28593 13217 28454 13700 28428 21566 12380 9449 31617 15019 11461 5376 14266 26033 11599 26126 11140 13117 14088 24507 9755 9317 18828 28070 13236 31130 11952 27205 29264 9006 18288 5122 
22337 12128 9643 8260 19390 7281 544 5675 25973 1349 11514 20443 19175 22954 27871 30516 17666 11042 2133 1910 13720 6540 4051 16132 21008 29441 3614 24168 30300 2813 4819 22678 9259 3263 19263 22645 607 19698 7543 16283 28865 24204 31141 600 1011 28407 21921 1271 32167 11631 1729 24128 5391 16811 28145 9026 9108 5567 10758 8271 0 28679 4058 981 4521 29888 18181 12302 22206 9255 10688 5196 102 29933 18927 30945 13339 24304 25945 21612 26129 13517 30183 24456 30738 7333 22044 26035 17052 13358 13780 32635 25656 11260 23360 8687 29468 26129 27681 12100 
5945 22586 30948 25874 2681 7970 19071 25742 31067 11189 13656 7565 24575 18472 24353 21002 8002 7539 10821 724 31877 17410 21450 9700 20145 19630 10364 5870 31863 21997 5448 30262 12253 325 5862 27045 25334 23815 19643 29724 10736 5689 13053 22280 24149 1748 18456 12855 3978 29744 8528 21994 23708 4540 12968 31531 6971 7154 19971 22112 28679 0 2091 13315 13245 7940 3271 24076 15516 769 6995 8334 17723 28832 3603 7231 20381 22130 7331 11249 10900 4053 6969 22919 1330 10900 32060 6967 17266 10940 26373 21761 33 26816 23284 23150 26642 26063 19894 27789 
3871 2485 5954 13982 178 26987 23571 14485 5328 15690 5387 16423 30185 1232 1864 29517 4644 5465 4924 20221 22446 13613 29606 14926 2898 26557 26816 21724 27979 20266 9146 1134 8278 18183 1640 1494 1803 7264 2872 1305 2924 1787 26982 208 1215 18397 18803 31950 12185 4368 7635 18435 27708 6820 29670 22944 14114 2292 20777 2428 4058 2091 0 24155 5209 26350 8260 9949 22304 18720 20523 14440 13885 31029 447 964 5207 26859 31588 31857 17061 19604 15008 10673 30371 14919 7286 24278 31763 20037 22532 9933 24374 168 10079 12011 2891 6226 15021 15606 
4539 2334 26850 24953 13048 17375 7023 26276 32077 18091 8183 7055 23358 27131 25816 3509 23217 8501 30902 5817 7690 14136 9408 7582 26772 14645 31797 30774 18979 962 1319 221 11767 9769 24192 13415 20708 4102 1858 27734 25264 15633 11027 2384 22205 21304 6136 8657 10215 26353 16737 2334 5040 22990 29798 17018 4251 1873 8528 13467 981 13315 24155 0 7529 12866 11631 3005 2982 13040 3039 22444 26147 28058 20063 2564 2776 5303 6710 31864 3348 30716 18499 27246 17488 22236 23530 30755 9783 9024 833 8191 14326 12423 3195 8757 8896 2751 31891 21150 
9569 18458 8180 31428 7146 22953 23302 3216 26305 7343 14993 14937 9574 254 17455 13346 17762 1352 26071 12760 22909 391 9902 12502 28976 28827 23072 10927 1117 32053 2352 10535 18238 22005 1548 23426 31388 3279 24037 4354 3137 1459 7421 15531 7087 14445 6402 26185 14098 18890 13722 11444 25716 16380 22335 15699 19248 22079 30797 25823 4521 13245 5209 7529 0 16763 3385 14359 26768 21607 9532 12121 18782 8814 31171 27593 31222 15646 29098 961 27539 12102 19973 4471 28669 30081 30039 3500 23393 9727 8974 30613 24687 21397 14146 30216 693 30727 8878 24043 
20386 14294 11349 3507 6771 22870 17977 14366 22838 28742 24572 18006 13898 29463 30113 26214 348 9557 25805 18029 6885 25889 21617 28074 14580 27873 16297 11223 26926 23862 10212 4792 29715 9007 12870 11763 1411 3772 13386 27938 16000 11621 29612 29735 5173 15675 7558 17855 8247 19471 14521 31835 17932 22243 6030 1323 20970 32158 3229 4475 29888 7940 26350 12866 16763 0 32106 5959 3668 22783 8745 2578 5074 22681 27455 10265 4784 52 24578 1022 30117 403 6700 10700 32460 30233 21539 16115 21006 5986 19082 14979 20684 17951 15629 12711 13003 31542 6760 29797 
32107 19832 18373 14962 6874 30917 10318 10692 29024 518 30544 18603 3103 31141 11807 27518 27946 7226 3712 9786 3223 9553 14945 21866 19926 16237 29639 11850 24385 13645 6407 6699 14323 18541 12601 24857 10206 20688 7402 26556 11800 2557 16145 1148 2422 12616 12868 12264 14172 22866 24108 5209 21715 5843 311 16594 5596 27287 652 811 18181 3271 8260 11631 3385 32106 0 11631 9139 16172 1284 3608 12600 22547 1414 20672 15479 768 17806 31855 2546 29721 8481 7410 27916 29096 24376 21227 22714 6728 15643 6940 31883 16467 7161 22767 10715 1674 11468 28745 
12277 7933 17503 11126 9325 21255 20014 3462 11265 11833 29963 17619 691 13213 19117 3014 27280 2335 22812 4308 12944 29413 188 27752 9406 6366 30599 13085 8088 19102 19866 30769 24249 13673 6899 21559 14005 16525 14969 17419 18501 1013 13884 29707 28324 3324 18687 19332 27960 25983 6388 19563 8309 4406 4038 6990 13823 30020 29660 17289 12302 24076 9949 3005 14359 5959 11631 0 23296 25596 29058 22819 5936 21478 19820 30391 12468 21410 5919 13653 3056 10865 32504 8642 8630 3620 3453 26441 15627 151 29002 10712 5179 28016 26172 5722 2336 1049 8668 17751 
31669 10767 15617 1434 21809 8504 10220 16870 24168 11139 30334 28693 24427 31242 14714 12719 14386 24372 25275 13810 3218 6872 28873 1818 27753 12709 30890 15584 19484 21441 507 14401 24899 5808 26943 19584 14242 1656 15478 31086 4700 20994 17906 6889 28003 5828 14694 12707 13107 3997 14144 10533 31424 11008 6712 16147 25004 19541 17193 28593 22206 15516 22304 2982 26768 3668 9139 23296 0 5622 18182 30620 19838 4377 18615 15100 22262 24343 8194 15079 1520 16156 11904 126 22317 13736 589 8784 15815 25619 7241 9730 2062 8030 27276 16194 20132 21051 13097 6126 
18209 20936 32234 22640 8846 5078 31495 22149 2635 28646 321 30688 96 7285 30572 10515 7145 32188 29744 7225 9310 25570 21352 6353 29208 31089 15049 32204 14353 30215 20932 10724 6892 26958 12461 15920 14645 12845 19228 28405 2281 30272 22932 22208 11833 11654 1634 32689 12171 5722 25032 5914 10946 9637 24923 32585 28607 18257 28330 13217 9255 769 18720 13040 21607 22783 16172 25596 5622 0 9970 20114 18916 10537 22609 18912 5171 27484 16389 5266 8691 30130 8498 17652 1876 2275 6769 3596 11896 3091 17174 19094 6367 30833 11206 28732 527 25363 3640 26389 
8957 19802 8727 6742 14442 19239 1967 203 8842 2696 19859 11091 5538 9079 19807 26719 21606 939 23681 7163 17865 32026 12456 25193 7444 7613 26746 17929 18485 13459 3206 3197 6234 10216 7289 24329 22719 215 31892 21056 18372 20494 22365 4317 9795 20433 18325 11759 20768 26434 24171 25145 6434 29407 23023 14552 19713 30284 8137 28454 10688 6995 20523 3039 9532 8745 1284 29058 18182 9970 0 24321 12017 3309 30142 20363 24993 1686 21923 5855 21011 24861 28650 7426 25702 12238 19963 9426 20453 7082 7170 6928 2754 4244 22345 11434 4630 4029 28371 12365 
18056 17638 6273 21823 19778 7086 2430 32644 16126 15393 29045 27890 765 22152 19801 15677 13942 24140 8638 1595 27962 22539 24731 12949 26008 19947 23630 14530 13182 24110 27616 15926 9954 6151 9355 31446 29024 6828 19577 28848 20261 10925 27343 19433 14091 12676 6378 32502 22021 23405 30952 28431 22974 18296 30059 17633 20093 32220 11929 13700 5196 8334 14440 22444 12121 2578 3608 22819 30620 20114 24321 0 2172 19707 1719 5938 27222 20731 708 14015 3754 27271 20294 3642 9998 8042 24689 316 27792 6480 6964 4787 19589 20033 14880 20992 153 14685 23449 20049 
27406 3902 18821 10908 2625 2695 29768 24251 12782 9120 25559 7615 4367 25071 1296 22492 29343 20947 10985 27652 29263 13960 2236 2293 27003 4939 9955 8053 10332 20414 1413 18908 20351 31629 25007 19668 23926 30034 20647 5469 17613 30902 9597 22548 7744 22489 21730 13748 19242 25589 19261 2269 7233 18750 26876 16660 20609 25100 6440 28428 102 17723 13885 26147 18782 5074 12600 5936 19838 18916 12017 2172 0 15667 28220 10038 15337 18688 1186 9399 9642 16314 20188 20822 10795 4336 32509 15802 16752 4494 27119 17799 29605 29292 2218 14349 16638 1562 32179 28205 
3896 27073 31237 22991 30752 21963 32226 16779 1335 1775 29056 8399 19275 21071 23245 5606 8016 27042 21233 2658 25951 32297 28025 3505 20735 4068 6837 15857 31396 15623 2398 13061 28277 9640 19324 8169 6226 14266 17031 7746 12566 30526 5837 22586 4377 5816 15891 1162 3066 29664 21887 26840 14747 19611 21174 22084 20588 16425 20545 21566 29933 28832 31029 28058 8814 22681 22547 21478 4377 10537 3309 19707 15667 0 9676 12144 2063 6407 10682 27700 8014 11902 13967 31461 30086 29440 18940 14142 31004 12790 6714 8447 24826 24583 589 4589 25846 31160 24983 11279 
19567 32382 30208 6490 14556 2071 29140 19520 23616 23524 26049 9918 7482 19926 32387 26860 10388 20582 14915 22434 12752 726 19910 23775 8707 29881 27109 1900 10471 17077 30013 11708 25643 28808 3623 14359 4365 9289 26859 22008 31787 9968 24112 8883 9110 19993 15799 32090 16169 13061 14665 6114 8985 23266 31726 386 12492 13388 16736 12380 18927 3603 447 20063 31171 27455 1414 19820 18615 22609 30142 1719 28220 9676 0 26216 5424 1955 9991 13055 18345 3851 19911 16381 13200 476 15305 4392 19040 24393 28567 12076 14605 29644 18001 30120 28359 11597 3332 14459 
20896 5890 7864 18615 27976 9755 7551 20845 10304 18718 16112 15084 14992 32010 23776 17730 15197 13944 11089 24313 32597 22131 10740 24721 13902 24971 20204 7214 3113 11557 20181 5517 20733 30485 9733 30268 27762 7023 18193 4619 8298 23705 4755 4030 24295 29093 31787 2564 14121 20190 196 15533 7702 23713 21017 4631 5599 4207 23415 9449 30945 7231 964 2564 27593 10265 20672 30391 15100 18912 20363 5938 10038 12144 26216 0 15494 19179 25424 21136 23344 16140 22551 7193 32401 27477 23029 30137 23594 28126 18868 28060 14347 8685 1385 30227 16535 21365 9309 9649 
9871 25519 12568 22516 7628 9707 9672 11764 19669 7669 25979 20902 10909 22083 17121 13513 25718 32558 17402 16429 3972 10908 32554 3186 3698 27356 20111 6162 32611 22737 19858 7842 17964 17747 21692 30036 1728 6610 26572 4289 9195 11324 18950 6117 5700 2593 11469 10347 12125 32534 11380 12331 7484 23127 3922 32754 16911 14256 31508 31617 13339 20381 5207 2776 31222 4784 15479 12468 22262 5171 24993 27222 15337 2063 5424 15494 0 4651 25626 29940 21893 29059 22634 29581 7647 3377 8427 24585 2747 30690 17902 22357 12063 7601 3302 13040 19467 6582 29862 14476 
1819 14166 14934 17266 19003 1589 32052 929 10640 22989 14826 579 32150 9013 28035 5966 4411 18742 19694 10236 26782 25602 25068 24609 25879 24866 28460 5564 27255 9137 24499 2764 27025 29896 17794 357 29689 22585 11123 22018 15627 6528 15973 5149 11311 9462 4504 14589 25692 328 602 6352 25819 32040 32484 6649 10062 25922 13439 15019 24304 22130 26859 5303 15646 52 768 21410 24343 27484 1686 20731 18688 6407 1955 19179 4651 0 2624 13230 30645 11357 3101 8201 20470 27509 13060 19521 13610 3137 9721 19258 4270 4256 13713 16177 31475 27260 22336 31413 
13906 14109 23813 22115 15667 4982 9802 19437 9174 22544 1069 28522 16680 11000 17438 23005 1594 17610 22741 7537 15764 699 13378 1956 21707 23005 32195 20139 25686 3999 30874 11794 27037 23443 11934 13988 26451 22133 13104 21898 24582 23144 4721 22199 24308 14466 16563 26243 801 26507 7725 22165 16550 4098 25330 10759 19532 6497 1828 11461 25945 7331 31588 6710 29098 24578 17806 5919 8194 16389 21923 708 1186 10682 9991 25424 25626 2624 0 19005 3532 30718 23476 24444 5852 10513 9591 27795 11690 31950 27231 15305 28364 23309 5594 6743 16035 25726 12732 25981 
15261 15337 29231 18315 17889 23251 2703 5206 15869 30273 20282 6837 25088 18458 30284 19684 23939 1694 29144 22074 27092 5111 12589 26459 14675 19473 1879 4783 12827 25772 23273 19731 15333 5040 762 26318 9514 28608 30062 4294 25480 16145 10871 16884 13159 10365 22874 4373 23260 31443 29303 22178 5070 32370 31364 11011 24919 1302 11033 5376 21612 11249 31857 31864 961 1022 31855 13653 15079 5266 5855 14015 9399 27700 13055 21136 29940 13230 19005 0 1287 1979 21196 31265 17177 15157 31447 26970 20016 4953 1934 10007 1662 20553 24337 28630 30160 27815 25949 27917 
22792 13664 24176 20330 1193 9812 12111 29658 19315 18927 8150 18045 17447 30267 7928 26436 2179 12625 24696 10428 6001 23233 28855 9361 10111 1076 15051 31058 32143 15696 13520 5491 7119 22236 9859 13208 23788 24869 15885 27665 20355 27040 26396 32672 26073 15312 6200 16259 19915 10602 2645 13998 1288 7608 3748 30809 32125 59 30383 14266 26129 10900 17061 3348 27539 30117 2546 3056 1520 8691 21011 3754 9642 8014 18345 23344 21893 30645 3532 1287 0 2837 2588 26665 12872 26444 16315 29630 14906 917 26895 2351 14837 30844 6753 18033 12096 11 25457 11161 
21755 10782 2437 10508 17072 14542 19011 17316 29365 26261 20400 11867 19416 28820 19893 19335 27877 26876 527 17663 28453 32641 10998 14384 12837 11787 20732 26733 5304 7598 26681 27527 16191 22492 3237 1182 25384 6105 24005 8502 5045 20592 15754 11405 7167 14821 30326 11565 30266 31786 3328 24765 18490 18773 16442 18972 2358 31826 32177 26033 13517 4053 19604 30716 12102 403 29721 10865 16156 30130 24861 27271 16314 11902 3851 16140 29059 11357 30718 1979 2837 0 25560 18778 25847 12594 113 17565 2619 4597 28879 9745 15840 6108 25602 22917 29947 22264 14270 10607 
25646 6547 10561 28563 28094 11339 39 26106 8317 15468 6118 663 27226 7679 23285 4692 32673 8939 18221 247 11540 29883 28798 8450 4158 15265 7137 10967 10756 14011 1677 14112 32637 10646 11630 14446 15620 17137 10451 14368 3979 24771 28775 23175 10290 21887 7010 28232 7704 4758 28928 2817 8816 23613 23859 815 15064 27250 7572 11599 30183 6969 15008 18499 19973 6700 8481 32504 11904 8498 28650 20294 20188 13967 19911 22551 22634 3101 23476 21196 2588 25560 0 13403 30819 18417 13530 27467 9991 6540 3703 14427 27999 8900 4897 18190 24793 8409 17130 6125 
6775 23643 6297 212 18738 9496 2520 27632 26511 22058 20577 4179 681 6997 12218 3836 13521 28080 9324 31457 27513 20987 30982 10720 17489 20786 11364 4600 17839 24418 3377 1721 30260 9404 11947 27385 6061 23784 6822 10953 2359 16540 25812 4520 5287 11628 835 20726 11048 32740 4135 19115 21798 21460 22746 29768 22891 7915 24097 26126 24456 22919 10673 27246 4471 10700 7410 8642 126 17652 7426 3642 20822 31461 16381 7193 29581 8201 24444 31265 26665 18778 13403 0 30504 18838 1517 12042 3752 15060 10677 28503 10896 29729 9649 2008 27778 4458 28186 5920 
31893 7535 12259 14579 15915 26678 11312 3172 20495 24101 22227 14699 19302 18716 21051 6287 10027 633 5980 28606 16164 11836 21578 9874 18197 12649 6406 4051 32307 26542 18071 27708 14043 23622 29789 2690 1668 2589 16291 10386 12787 26421 14707 31258 10670 16200 26286 30796 10930 8623 1628 24287 22376 26242 4672 31318 23766 3841 11695 11140 30738 1330 30371 17488 28669 32460 27916 8630 22317 1876 25702 9998 10795 30086 13200 32401 7647 20470 5852 17177 12872 25847 30819 30504 0 18796 4606 29029 12391 32325 644 18122 22433 25151 611 28729 2157 26246 6051 29039 
663 17423 17443 3490 20064 1313 17376 13523 6103 21730 5230 14060 7294 29525 19482 3609 30371 14117 13874 10882 8092 5851 1894 25887 26450 21075 12660 5326 1276 20593 6661 31139 9517 1296 14545 29311 6417 29499 24842 12516 2803 8096 14840 24327 23555 1857 10977 27687 3927 28269 15915 29470 26159 7151 16324 28470 4477 21637 6850 13117 7333 10900 14919 22236 30081 30233 29096 3620 13736 2275 12238 8042 4336 29440 476 27477 3377 27509 10513 15157 26444 12594 18417 18838 18796 0 20829 8896 18743 4041 8946 14702 2926 2036 4759 8708 12777 32374 9775 29435 
8122 1709 16000 26354 31758 22227 26601 16737 31741 28559 343 17013 10218 6283 20826 32202 20243 1500 5698 26815 16487 32134 9618 19487 1432 30275 8114 30977 21616 4992 3044 17644 10856 8873 28793 4415 18039 32166 15173 25040 29992 30374 3664 18132 25327 12571 17614 7679 26813 3077 17490 28396 1746 372 28222 26302 467 8008 17790 14088 22044 32060 7286 23530 30039 21539 24376 3453 589 6769 19963 24689 32509 18940 15305 23029 8427 13060 9591 31447 16315 113 13530 1517 4606 20829 0 474 11473 4779 462 27639 17464 17051 1230 19021 20458 3535 29637 13408 
3700 14138 13882 9459 20108 1445 17691 5928 29601 6791 5199 12604 31388 16694 15272 32324 2699 27541 28745 32360 1094 4908 12648 12439 13650 12414 12883 25721 12805 15510 9649 26789 6891 28900 19979 26901 20841 14663 30603 4566 24480 3179 16131 18948 6036 7765 18992 6902 11662 8508 21825 6070 20927 2203 14739 22708 3365 644 20927 24507 26035 6967 24278 30755 3500 16115 21227 26441 8784 3596 9426 316 15802 14142 4392 30137 24585 19521 27795 26970 29630 17565 27467 12042 29029 8896 474 0 16210 17131 8884 5296 19895 23430 17570 23845 12283 17273 3904 30659 
4215 3720 15388 17530 7873 439 24489 23751 24130 30273 1057 5977 11222 13794 27488 4466 18252 31361 15300 7109 13079 7953 32131 4734 15430 22453 578 30339 16055 13607 27363 11257 31111 30554 16286 523 1996 29534 20051 26598 20871 4229 17182 29448 2260 8388 12077 6843 1892 6235 29134 19676 8237 26808 14284 16353 14688 665 1276 9755 17052 17266 31763 9783 23393 21006 22714 15627 15815 11896 20453 27792 16752 31004 19040 23594 2747 13610 11690 20016 14906 2619 9991 3752 12391 18743 11473 16210 0 10729 19903 31353 17494 4501 1264 29556 1336 31688 8261 18906 
2308 9753 8909 13574 6346 17381 3664 7950 25414 8179 18397 2178 26328 20151 9065 407 3760 31531 6741 28473 30936 9412 24978 22690 23925 31141 11018 13100 31562 8468 5691 8291 11645 2602 5157 21087 3742 4814 16999 2641 19685 6884 421 25947 5051 22465 19244 27557 11900 31714 2521 5549 18556 1758 31287 15326 28232 20890 21991 9317 13358 10940 20037 9024 9727 5986 6728 151 25619 3091 7082 6480 4494 12790 24393 28126 30690 3137 31950 4953 917 4597 6540 15060 32325 4041 4779 17131 10729 0 4311 1646 23318 6823 15126 11832 31265 31142 12871 9733 
7255 9009 12700 13409 7476 24009 32657 12691 20402 10836 18208 18325 27356 22402 202 7990 32087 24123 4971 20278 8432 5856 17514 23468 3191 21460 30771 17573 30672 1339 22247 26638 1607 18945 10577 15060 11044 4638 541 7497 15487 13849 1860 20170 10326 10187 28619 17567 32733 8294 2477 26658 19733 28598 23574 35 26272 20646 14801 18828 13780 26373 22532 833 8974 19082 15643 29002 7241 17174 7170 6964 27119 6714 28567 18868 17902 9721 27231 1934 26895 28879 3703 10677 644 8946 462 8884 19903 4311 0 21266 19252 13469 4133 1607 32443 13215 7871 25763 
11789 3530 14648 5032 30748 4520 18878 18176 925 461 14227 24557 14796 25493 28541 25010 29753 16482 21276 28156 14885 32124 368 31581 27951 26140 2203 20475 10544 7107 25832 5258 23395 24784 28941 4983 21705 29010 11181 30822 23499 24091 30241 9183 290 7702 12408 26436 15348 18906 22204 15623 4415 13694 887 20761 19067 23727 31606 28070 32635 21761 9933 8191 30613 14979 6940 10712 9730 19094 6928 4787 17799 8447 12076 28060 22357 19258 15305 10007 2351 9745 14427 28503 18122 14702 27639 5296 31353 1646 21266 0 12590 25189 21602 8377 17247 13095 23758 4121 
18737 13456 25372 26350 18638 18457 21665 25659 22668 2608 8618 3447 19730 30769 8242 13952 26964 19854 20723 1013 2825 20081 3967 10998 31584 9635 2187 24107 14318 22956 27278 3080 18411 7484 1163 21071 29087 32457 18218 19158 25623 15226 23566 5514 10524 14660 18275 17332 29542 27731 18358 2171 7436 11179 26634 21162 27199 14607 30760 13236 25656 33 24374 14326 24687 20684 31883 5179 2062 6367 2754 19589 29605 24826 14605 14347 12063 4270 28364 1662 14837 15840 27999 10896 22433 2926 17464 19895 17494 23318 19252 12590 0 21635 32668 30327 18634 5031 5997 30139 
22459 11011 22946 30096 1745 20126 17529 31568 19713 30466 22200 11671 22886 19817 12542 5525 3901 27568 31492 7216 21412 779 16255 1624 26786 23288 16200 2964 31080 15473 32698 15073 15318 7526 6235 8637 19265 8298 959 27007 8308 15533 30634 24297 19188 8746 2165 6144 20361 11809 7091 11291 20473 968 28180 12859 24599 7486 12425 31130 11260 26816 168 12423 21397 17951 16467 28016 8030 30833 4244 20033 29292 24583 29644 8685 7601 4256 23309 20553 30844 6108 8900 29729 25151 2036 17051 23430 4501 6823 13469 25189 21635 0 3984 7984 7795 24211 19352 29432 
31442 15534 18972 12480 30782 30450 25850 24421 22984 18468 21811 5005 7704 2846 17866 22911 14441 24061 13558 27869 4832 27429 10525 27086 2844 17285 12800 6491 7438 11804 2612 23834 12299 4283 27857 32266 14879 22029 29550 25279 11685 29910 4172 28863 25876 31864 30929 7467 284 19131 5176 28834 27890 20173 17032 610 31976 32136 4034 11952 23360 23284 10079 3195 14146 15629 7161 26172 27276 11206 22345 14880 2218 589 18001 1385 3302 13713 5594 24337 6753 25602 4897 9649 611 4759 1230 17570 1264 15126 4133 21602 32668 3984 0 7069 3049 23418 31668 32324 
11036 25644 2084 116 13777 6655 787 24492 14420 310 4977 9678 9338 5217 6488 793 14292 28636 139 12760 2774 13405 26806 3473 6968 30665 8951 10880 21917 14412 10396 323 25203 1448 28463 727 14874 21709 15792 10435 17480 12715 26401 21907 1708 17220 3656 6536 9937 22021 22192 12174 17222 24662 9969 18030 26620 13680 24625 27205 8687 23150 12011 8757 30216 12711 22767 5722 16194 28732 11434 20992 14349 4589 30120 30227 13040 16177 6743 28630 18033 22917 18190 2008 28729 8708 19021 23845 29556 11832 1607 8377 30327 7984 7069 0 22438 8946 23416 27401 
5862 20883 26483 32395 28618 30314 6565 30734 31796 27277 25680 18703 876 15996 8965 30637 26783 10233 22158 23380 22556 19049 23498 18496 21699 24188 1208 5180 14777 32016 18385 22704 1121 4435 31131 5594 31368 13864 17531 7004 224 717 21194 23031 13744 2746 24364 662 9161 5324 7965 5774 8636 19874 15309 19748 12618 31048 19758 29264 29468 26642 2891 8896 693 13003 10715 2336 20132 527 4630 153 16638 25846 28359 16535 19467 31475 16035 30160 12096 29947 24793 27778 2157 12777 20458 12283 1336 31265 32443 17247 18634 7795 3049 22438 0 19573 10768 29102 
8932 11397 14567 1567 15565 7542 3665 24686 9336 28646 13038 30225 21347 9450 6861 17641 440 16024 4 7625 32718 17268 10320 25479 18675 5675 11771 16466 13161 30084 20483 17733 25006 14483 3448 10301 22784 6960 4134 5096 24865 11943 10868 15903 4440 17073 27788 14454 11960 23203 5308 12049 16292 742 24348 2489 30867 6823 30834 9006 26129 26063 6226 2751 30727 31542 1674 1049 21051 25363 4029 14685 1562 31160 11597 21365 6582 27260 25726 27815 11 22264 8409 4458 26246 32374 3535 17273 31688 31142 13215 13095 5031 24211 23418 8946 19573 0 31248 19475 
10586 6533 16905 18013 17652 22252 9855 23361 30394 19077 8754 4333 22181 13880 4605 10531 22142 24443 5388 14256 9969 12312 14992 26955 29411 21553 14263 12737 25861 31106 14811 9551 11177 5095 10490 335 28373 19230 28262 10264 27798 30157 5053 5151 12183 17863 19996 1634 5106 2443 18832 29702 3654 9998 18637 30526 26890 13242 27939 18288 27681 19894 15021 31891 8878 6760 11468 8668 13097 3640 28371 23449 32179 24983 3332 9309 29862 22336 12732 25949 25457 14270 17130 28186 6051 9775 29637 3904 8261 12871 7871 23758 5997 19352 31668 23416 10768 31248 0 12884 
7498 21016 32707 10544 4493 30390 18410 32751 3054 26362 18220 18244 18141 25249 12573 19458 25908 9518 9989 28385 14105 10044 17378 4211 17957 2578 10672 31065 27846 24952 29671 4790 31969 20425 13126 740 14780 10314 22223 614 10524 3002 9747 32030 32682 13098 12463 21440 11419 23823 22295 20871 18576 4246 20626 10791 27579 11063 21126 5122 12100 27789 15606 21150 24043 29797 28745 17751 6126 26389 12365 20049 28205 11279 14459 9649 14476 31413 25981 27917 11161 10607 6125 5920 29039 29435 13408 30659 18906 9733 25763 4121 30139 29432 32324 27401 29102 19475 12884 0 
