100 0 0 0 0 0 0 0 0 0 0 0 0 0 0 0 0 0 0 0 0 0 0 0 0 0 0 0 0 0 0 0 0 0 0 0 0 0 0 0 0 0 0 0 0 0 0 0 0 0 0 0 0 0 0 0 0 0 0 0 0 0 0 0 0 0 0 0 0 0 0 0 0 0 0 0 0 0 0 0 0 0 0 0 0 0 0 0 0 0 0 0 0 0 0 0 0 0 0 0 
0 6723 22619 22451 27399 1495 23904 9451 32405 309 32673 27276 1879 27181 9802 25963 17517 17439 17332 4067 558 9593 29511 3058 820 25968 12467 17300 4266 1533 5199 23390 15829 5658 16593 21342 10976 2109 28207 29234 21227 14612 15827 22119 12630 8834 17414 18963 19018 30425 29333 13492 25225 8281 20680 18251 29302 24809 11397 16052 8295 3604 12480 22599 20009 9541 3365 21684 1491 13382 6920 9499 20943 20982 11148 7786 19494 9033 27409 20218 28939 10373 1507 21100 171 20154 31264 16321 31794 385 17129 3512 2592 14585 18636 2412 19917 16382 17265 15148 
6723 0 23814 8488 11940 26402 29351 6619 30525 23674 23433 1277 30440 31814 5332 7038 6004 8787 12086 18108 2060 29258 9501 21039 12815 15996 25907 31314 14386 14828 19738 1235 23508 16797 4200 19966 25760 18717 18404 30566 26216 13905 9474 9173 320 14466 1436 27766 30681 26280 25586 31552 14368 12533 24292 30373 12823 29092 22125 10874 6386 10498 22626 6697 27252 12477 22892 26645 22667 29292 30274 15949 28970 27999 14635 9332 8294 6056 8115 28399 26835 26217 23724 13136 28192 2399 4711 28162 11760 9646 307 17717 763 7150 26134 5387 20069 9590 1481 12548 
22619 23814 0 21051 16493 21372 32029 24782 17817 20701 24142 26907 21896 14625 2386 12799 32061 1806 21779 13841 12967 23257 11318 16028 26134 30145 23981 26329 29922 21484 7299 881 26969 130 15075 10801 13290 7 27754 22030 18831 27901 7086 25436 21375 8890 7950 24650 23572 4741 22715 28065 9465 7927 3590 11196 4760 6544 491 28618 22722 16023 7901 15682 21663 19255 15316 16295 16344 2519 18580 16509 10498 28857 27966 21898 23885 11989 26908 17233 12142 17142 15529 20427 18377 30998 27359 359 27106 27126 24004 1604 23301 22785 14902 16300 22067 3170 12022 11731 
22451 8488 21051 0 28002 14510 3974 8222 1724 27917 30774 12511 5086 22029 22071 19387 20089 6346 18945 7390 2662 29461 17872 1370 12649 14497 19454 366 6953 30062 8095 25109 32111 24949 17245 9681 28829 4501 25237 31928 17521 4541 178 17344 8443 21594 2761 838 12252 8962 10101 15589 18880 31842 24821 5236 25629 2916 1411 8287 15148 9124 23030 27947 29735 28436 31386 68 13253 14574 1614 26121 25842 474 28639 5913 11218 18783 4515 16606 16632 14478 24409 15706 12514 6637 21055 17968 15288 19105 27509 12022 20805 4318 26768 12985 25909 915 1665 8401 
27399 11940 16493 28002 0 14722 20700 21861 32547 18593 21191 4586 25510 15874 28763 4220 13683 10754 6300 14532 6121 14300 7750 28864 23982 26151 27837 6625 28859 20372 26164 5221 29098 32745 22299 25847 6719 4408 10958 22660 12085 3428 19835 16991 3402 20437 26452 12439 7564 25466 23797 12951 15589 6399 16663 3583 25316 20815 9077 32193 5070 14412 26878 22400 27108 27596 6460 13092 16885 19159 19715 28865 22310 26911 10845 14505 23040 25279 6581 20942 20155 3127 8258 27229 16074 15015 2998 11928 2470 8267 23335 18931 24798 31030 4413 11890 15198 1106 23452 15937 
1495 26402 21372 14510 14722 0 14681 3289 24878 4330 23907 18355 18340 24163 24487 20300 2345 20611 16842 26654 7889 30599 20292 1180 8408 10901 11935 15845 16002 7567 30446 14764 4149 21013 1424 10598 8147 12251 4134 20149 17244 20524 11985 12564 9668 18622 23215 28868 6673 440 7320 25333 5305 25344 26645 25400 26425 25801 24224 1571 6649 20316 30498 6469 94 13862 17833 7245 25392 31234 24424 8054 23854 24263 5876 13109 17903 20 3260 21797 18171 12634 20425 1585 30505 5418 2743 30211 6202 30657 30963 28589 21174 14544 8245 29589 3078 20624 2624 10917 
23904 29351 32029 3974 20700 14681 0 3537 7483 9397 29972 21966 1692 30510 22537 25295 27143 1585 28594 13599 29364 11063 20118 18445 26460 10232 1802 22512 12965 5382 23233 24669 23757 16042 10641 20134 25241 3070 11143 9366 5504 19530 16942 1899 28947 1699 27931 30484 4527 10177 11707 10667 14437 10784 26208 18228 2088 5211 137 407 26680 27076 26225 17626 14287 26950 7131 31651 16138 13951 540 9198 2329 18712 4968 12298 5033 15975 8544 28633 32657 26952 25307 32327 11964 15415 23796 28426 31573 27058 29525 14492 29753 22221 11202 5749 19096 15381 28904 24461 
9451 6619 24782 8222 21861 3289 3537 0 14005 27220 13350 11915 6668 30454 24005 4827 4504 644 28756 20578 6243 8705 5488 15645 27635 31414 17478 19708 8967 26205 25332 1837 28816 19597 10785 24233 20209 23909 9946 14852 3962 6523 30383 13936 2594 21255 6669 29202 27012 5194 30941 27017 20251 5956 30046 13499 19393 14998 10559 12002 26725 8116 10495 21975 15115 24143 27017 27805 17417 30977 9226 11568 3967 32569 21525 5518 22295 2153 11258 7174 8189 29806 7010 22208 4385 7486 17454 25228 32171 26072 31121 5359 24510 21096 9580 17770 16241 5561 12264 14861 
32405 30525 17817 1724 32547 24878 7483 14005 0 420 7792 9942 31523 12630 31451 29611 25046 10921 31566 32118 29117 2626 16231 10867 32053 24825 5895 25603 31733 30544 3657 26313 12821 28978 12968 26888 7772 19951 32108 13115 15310 119 3924 1781 25205 7125 10634 28667 21358 20462 4034 23455 15415 12923 16308 4702 15671 4163 10684 28605 16270 17053 22222 29791 9757 17701 10144 3690 9688 1981 6418 13340 20811 14535 14816 11432 9066 928 15755 9045 5533 32606 22659 24793 3338 18893 20889 18162 11045 2727 29860 27205 19829 23315 21106 26235 18600 19808 31216 18585 
309 23674 20701 27917 18593 4330 9397 27220 420 0 31556 21343 8281 19583 26603 11348 27644 15184 28651 10382 15152 9487 7972 7373 13835 5416 9624 15708 413 28929 25516 7616 31437 31944 19103 11684 7028 19328 19786 24324 26039 26185 23833 24984 29096 14062 12104 8066 31007 437 18018 26427 32214 31330 31734 28346 26051 16524 1691 7141 10681 20259 14375 15933 29249 11073 28714 9668 16053 24112 32432 17202 29342 1724 29496 15704 25935 3514 5102 10195 20418 18904 31024 18165 13489 7846 2367 3311 7928 25317 20548 15427 21033 6670 28806 23401 18800 19749 9962 26047 
32673 23433 24142 30774 21191 23907 29972 13350 7792 31556 0 30393 18229 30166 9780 10048 11740 3268 23776 17276 71 28069 7028 30431 10406 31848 13014 4920 21304 3079 13259 16805 11707 39 15747 15319 10260 11506 7013 2444 8766 4408 15900 32329 13175 18116 23521 29528 30376 17659 17417 31233 2069 20923 12753 523 8261 15474 10857 12405 30772 16252 12863 25200 25270 9153 25997 6304 18222 654 16421 18067 26992 16819 8314 17025 10994 9694 20978 20805 12601 5943 10858 2715 7554 29755 1801 4507 16815 3805 13386 23925 32372 12249 3395 3694 14018 15451 24123 2842 
27276 1277 26907 12511 4586 18355 21966 11915 9942 21343 30393 0 32598 15439 9113 25906 5240 29216 21327 17535 9951 19933 30361 29877 4272 20784 14326 29790 15069 14745 3911 23818 3807 2967 1581 10135 25778 25370 3746 25532 10518 13608 18389 11995 14339 28366 19786 30215 10092 7497 27698 20307 32311 2932 23303 30301 4988 116 20331 14362 4605 2977 3650 23011 23525 2487 21005 18368 19140 20286 9096 5619 1994 9270 135 8647 30787 32007 27917 23962 31315 7335 19117 5160 28145 3083 4645 12057 17960 4819 19255 19661 7820 7472 24266 12646 4347 15129 8001 24342 
1879 30440 21896 5086 25510 18340 1692 6668 31523 8281 18229 32598 0 18580 26776 1769 13409 18708 7947 6338 751 12406 19675 14526 4974 12651 23291 20332 8700 12324 9015 4431 23070 20688 4893 25087 31946 13909 6193 23936 23992 27980 16721 9185 17386 16194 16741 17176 31097 27181 16202 23325 5793 30763 7936 22596 21519 13186 12306 24543 28777 29396 27974 19219 29982 14753 14725 19449 26223 26882 17932 6393 10941 31907 3539 14947 13588 4097 4669 22094 16120 10213 17665 5812 7534 31776 19287 1486 32077 15751 1638 31917 4806 5169 3309 25 2097 20974 559 10157 
27181 31814 14625 22029 15874 24163 30510 30454 12630 19583 30166 15439 18580 0 28738 6156 4123 12938 14829 28672 10986 11098 19252 20212 11088 14963 28656 3757 14375 7471 5744 19981 22288 4597 5810 14273 10838 3073 7651 22059 10499 25205 31252 8332 11587 18080 16958 11638 29945 3469 5752 13937 28831 6350 29814 22763 31842 27274 23620 16485 24445 12484 16707 9690 11733 21485 868 20594 26581 21676 27811 872 29835 1260 28359 1336 20995 26662 7511 11277 6115 18160 8159 7017 10311 16837 6243 7957 10973 28438 14883 20298 11844 20625 3217 27168 2977 11185 5775 3639 
9802 5332 2386 22071 28763 24487 22537 24005 31451 26603 9780 9113 26776 28738 0 9981 26235 24805 3447 8289 15208 3411 25660 21645 20809 4579 14195 15327 25090 14519 2334 1119 1052 1483 12082 28088 24873 19352 286 32117 32119 19947 25752 1920 31992 3847 17833 18136 4465 8953 17916 657 32225 9531 12131 31505 23347 11404 30121 7048 2599 22798 21407 11184 32381 22688 20320 32198 20323 32125 12775 21703 14624 17173 15827 32495 31745 23850 12664 24686 17539 11566 24617 27244 2242 14811 28357 14911 1825 1300 32639 23786 21049 23547 22769 29401 5639 32082 21603 12250 
25963 7038 12799 19387 4220 20300 25295 4827 29611 11348 10048 25906 1769 6156 9981 0 4834 13457 2806 5724 31180 32622 22170 23941 27824 9451 3194 7900 29326 24 32696 28730 4481 1901 21672 5007 23422 32496 10286 18981 18254 32678 6486 11062 4553 63 4404 18864 9044 19197 25853 13639 13724 3300 11877 8891 13715 27176 30267 18283 7594 17362 3395 13338 17488 6836 12115 15103 23211 15247 19632 11539 6037 8322 5546 31382 19161 13238 9333 738 21678 24391 24905 8052 15731 5748 31933 13879 27052 17417 7264 24338 9788 18956 5528 26804 2275 32422 21183 18590 
17517 6004 32061 20089 13683 2345 27143 4504 25046 27644 11740 5240 13409 4123 26235 4834 0 128 15381 25285 4982 28984 6664 24070 12281 3319 3746 29659 23807 22073 21739 17125 27430 8779 19798 17035 14464 12997 30634 31000 5540 20298 17967 10259 4600 23422 13852 2782 15164 9543 22848 913 7258 26440 15599 21016 1900 15258 23087 12683 30477 31436 31522 30668 4836 17181 16822 4966 9070 9208 15243 932 267 10671 12068 9968 19019 17787 3665 31598 28025 19891 14811 11736 20840 4684 624 4764 10621 16784 4817 25907 16636 6434 12090 27075 18838 7985 30225 19703 
17439 8787 1806 6346 10754 20611 1585 644 10921 15184 3268 29216 18708 12938 24805 13457 128 0 13842 26480 6824 21236 18262 4153 11603 27097 14493 494 13856 8311 31610 30 23145 3286 17991 11520 1061 283 22111 22313 25280 11859 9878 25713 13881 21118 22012 1570 16509 15833 15058 8802 30979 15216 24012 7906 24232 10467 22920 30918 971 18808 23118 21975 12460 8289 14857 31464 14337 24142 29829 21381 23001 11830 28650 30433 20661 28001 21880 22017 25827 6840 30340 32548 8733 2384 31154 8822 2915 8756 19572 17397 26901 16755 5313 18082 3411 31337 7961 15595 
17332 12086 21779 18945 6300 16842 28594 28756 31566 28651 23776 21327 7947 14829 3447 2806 15381 13842 0 31980 20591 6695 17173 3247 2195 27344 19655 23472 23374 10127 25030 250 21242 3191 6133 15503 25896 7752 16694 15974 24576 29198 14329 5541 30968 21242 6914 17439 26809 25215 1146 12815 16462 3759 2104 32277 25486 31448 1360 25970 21706 13914 5852 16511 15802 24010 12298 20339 24996 588 12133 21333 25806 29484 30055 12094 5414 17854 19007 3539 8239 14200 7903 18177 25134 17996 30025 506 14996 6987 31770 20336 4526 9078 10582 14352 31627 29415 24693 31553 
4067 18108 13841 7390 14532 26654 13599 20578 32118 10382 17276 17535 6338 28672 8289 5724 25285 26480 31980 0 13621 2635 17809 5009 16917 23809 12203 229 11336 15806 31661 3135 9576 15803 32028 16778 29307 7459 24703 32209 21426 25672 30139 4497 2144 25091 11443 30272 11064 15211 8219 25372 25290 30905 19100 19768 8767 15227 16941 7876 30291 2551 5551 12700 6803 23521 10442 22803 21208 21568 10759 1792 17667 21661 32558 22537 20217 21869 17377 4911 5345 12224 13945 26778 17308 17450 12064 31653 17284 10993 32047 1068 22377 22904 18120 4884 25544 26859 18103 17947 
558 2060 12967 2662 6121 7889 29364 6243 29117 15152 71 9951 751 10986 15208 31180 4982 6824 20591 13621 0 2005 6888 10702 9275 13151 26565 32394 16702 8696 30597 23184 3114 4009 20488 30290 1244 4249 17703 13276 10933 30092 2464 26601 24748 158 10564 26950 18580 26176 22623 614 8621 22131 17511 8518 30320 2628 20969 24963 9623 4487 29615 19640 4715 23767 1845 27932 2130 16332 25165 3676 7575 26494 32272 18613 8571 314 27400 12885 24956 3459 31387 21235 20964 6987 18874 13740 26004 26481 6347 13600 8466 7293 7378 24013 13521 11931 13798 682 
9593 29258 23257 29461 14300 30599 11063 8705 2626 9487 28069 19933 12406 11098 3411 32622 28984 21236 6695 2635 2005 0 2736 18268 16502 17638 8276 28606 20061 17768 22403 4655 18035 17956 23887 12481 31831 19605 27100 31175 29202 26972 15774 23673 23538 2583 25302 19176 16042 26211 28494 21796 938 21550 16978 2476 8123 3906 31474 18197 10207 16398 8822 27390 28775 19894 18210 2610 4692 18269 810 7710 29426 28849 11256 21365 10674 15799 9628 26145 24648 18904 5778 13933 2308 5676 30651 880 1909 6917 15509 30396 10043 30910 4029 27975 32044 21445 24487 10648 
29511 9501 11318 17872 7750 20292 20118 5488 16231 7972 7028 30361 19675 19252 25660 22170 6664 18262 17173 17809 6888 2736 0 27411 6065 16417 2695 2021 22509 23921 27752 27346 29142 17807 15303 19278 12543 25150 29988 24854 20157 14532 3346 22060 22162 9343 7103 12562 15321 16322 1981 13125 3250 5877 15382 26620 28207 491 13711 24353 19904 16261 29499 20623 29659 12168 5699 9101 25583 18107 15603 5770 13707 6468 25864 794 21194 5956 24888 31280 18433 22448 11778 13468 4266 3441 12727 5064 3475 703 13256 11950 4163 14009 5969 10012 10156 31048 9446 17195 
3058 21039 16028 1370 28864 1180 18445 15645 10867 7373 30431 29877 14526 20212 21645 23941 24070 4153 3247 5009 10702 18268 27411 0 29292 13805 11519 15770 10657 30265 16583 27864 12068 10152 1063 24969 3308 24152 21190 27750 6314 9454 27935 26715 30344 15552 9691 27603 2085 21313 4461 7491 976 22701 5103 30456 12292 25589 26939 1572 32547 20460 845 28966 1910 32178 23255 20761 4964 26721 3621 10911 17906 30197 27187 4591 3962 12673 14860 17948 28335 23183 30820 20391 14800 30166 16248 28231 27691 19235 4901 25079 13269 31872 24903 23360 15270 8873 21587 7880 
820 12815 26134 12649 23982 8408 26460 27635 32053 13835 10406 4272 4974 11088 20809 27824 12281 11603 2195 16917 9275 16502 6065 29292 0 31040 3154 7593 9673 4453 13681 25509 3654 17798 23460 25315 27112 9464 14433 361 29319 124 28585 25509 10134 22977 30705 2183 28970 29471 31568 31709 19013 31633 7658 15087 32359 4851 21916 10075 18006 8829 16104 9265 20524 17792 6945 14673 32417 15966 25562 22788 27546 13262 8076 9177 31218 12881 25478 18113 647 11759 12058 20333 26759 54 3076 4839 8444 7796 8221 622 31126 1074 7233 2711 10935 3572 13436 22688 
25968 15996 30145 14497 26151 10901 10232 31414 24825 5416 31848 20784 12651 14963 4579 9451 3319 27097 27344 23809 13151 17638 16417 13805 31040 0 7257 18145 26681 14025 16721 26257 27500 12254 28549 29093 9568 2501 21821 28024 30646 16421 5674 3377 24651 15586 17309 19826 16400 6373 26879 19777 3115 2094 26775 4150 17743 15639 9340 5605 20824 20202 12247 29325 4905 28582 1117 21761 23753 32012 30732 9687 6075 14576 28452 11215 16286 13501 1640 24965 2822 15433 12693 26713 24216 19419 2594 17566 26219 23930 19001 20225 29086 6519 12277 1852 27701 13884 17630 13308 
12467 25907 23981 19454 27837 11935 1802 17478 5895 9624 13014 14326 23291 28656 14195 3194 3746 14493 19655 12203 26565 8276 2695 11519 3154 7257 0 18493 7203 11159 25222 19970 25928 13227 8266 12320 19876 13574 31246 30775 17090 13026 5557 27520 5757 25285 8511 26568 6767 6687 7511 2218 31897 14890 14115 4368 20820 13821 15687 21738 30327 3826 31801 7984 15304 25402 3532 20502 31911 27325 26614 12174 5881 32311 14053 12290 27474 1167 20033 7506 21094 25209 15810 29707 13233 18511 21749 23785 10597 31276 8778 2191 23955 28234 14689 26500 3229 23965 19605 31344 
17300 31314 26329 366 6625 15845 22512 19708 25603 15708 4920 29790 20332 3757 15327 7900 29659 494 23472 229 32394 28606 2021 15770 7593 18145 18493 0 28390 298 26901 5250 252 29624 22131 2775 3842 23352 11292 15010 22791 2929 1435 30761 18216 19005 29470 28406 18252 30394 18897 8740 26394 13745 18042 8168 26174 20293 24149 13405 15581 10720 23089 10131 21077 3674 6091 21210 24632 8555 3433 6475 15754 15954 27578 3991 3642 7878 31212 24340 4830 31772 2062 12292 5299 5561 5032 10023 10707 18618 31384 17028 19896 9441 22575 8563 2544 10946 26763 1005 
4266 14386 29922 6953 28859 16002 12965 8967 31733 413 21304 15069 8700 14375 25090 29326 23807 13856 23374 11336 16702 20061 22509 10657 9673 26681 7203 28390 0 31662 11475 8764 6776 21863 29054 29931 32219 4591 15456 7448 23152 23971 21321 29214 7888 29600 30495 25229 6460 22594 25294 9032 6567 985 21365 17631 11012 31149 1486 19245 28625 1844 21726 9013 28131 10130 26077 4921 21875 18256 3431 283 3944 25696 23012 11000 7910 18000 28468 11778 8727 19149 8094 30621 32313 603 28154 31933 744 6482 25884 21374 4268 18716 28804 2820 3780 19884 8771 23956 
1533 14828 21484 30062 20372 7567 5382 26205 30544 28929 3079 14745 12324 7471 14519 24 22073 8311 10127 15806 8696 17768 23921 30265 4453 14025 11159 298 31662 0 22922 3664 12007 32327 25341 20979 13349 20053 16509 17284 19002 18656 5968 8291 28811 22143 4208 2385 13445 17684 3016 25877 31616 14232 14255 4204 1745 20775 18597 1846 3632 26446 19788 29406 3148 18323 23208 18954 6572 23620 3226 28035 29128 15492 5785 28261 32359 29587 24754 27018 1338 2909 27843 9268 21432 9797 32755 22010 1340 13363 19572 19444 16221 3803 6011 20777 141 2382 6015 2103 
5199 19738 7299 8095 26164 30446 23233 25332 3657 25516 13259 3911 9015 5744 2334 32696 21739 31610 25030 31661 30597 22403 27752 16583 13681 16721 25222 26901 11475 22922 0 8057 6885 16271 5388 2882 30131 8754 23765 17927 7351 16731 29814 3412 28723 21878 24049 31131 8008 9229 1908 1589 14952 24676 29932 12698 5882 23126 2250 12764 28751 5998 30741 31081 29124 12873 13744 2048 5688 7210 24812 17396 2223 7389 848 22431 29255 11473 10662 20265 24923 1392 9290 29306 13813 961 31406 6012 16249 14656 24113 26773 30607 18173 10272 23395 1616 24307 12044 21433 
23390 1235 881 25109 5221 14764 24669 1837 26313 7616 16805 23818 4431 19981 1119 28730 17125 30 250 3135 23184 4655 27346 27864 25509 26257 19970 5250 8764 3664 8057 0 14142 5872 16359 18319 31988 19294 30579 32668 1501 19009 4097 15027 21989 21447 19648 32618 6485 18882 31057 3243 7563 32214 7459 26878 22013 5348 20750 13592 10607 11190 4915 3491 882 10476 13586 2127 26144 26662 16363 6170 30742 10865 27481 25819 19122 30711 557 25108 21646 24289 20871 12536 23612 15247 32315 6587 20290 30204 23649 10265 16727 24683 9533 14120 4063 9045 10065 30817 
15829 23508 26969 32111 29098 4149 23757 28816 12821 31437 11707 3807 23070 22288 1052 4481 27430 23145 21242 9576 3114 18035 29142 12068 3654 27500 25928 252 6776 12007 6885 14142 0 4684 15918 3499 22499 25027 23452 26673 5638 13759 22619 950 27965 20839 20304 7335 27553 14324 23304 9080 27904 29227 27560 16063 31725 5146 13843 911 23051 32529 10333 22 15253 7139 3951 29817 561 2398 23035 21998 758 31495 9378 30747 9146 17433 31587 30894 23456 19135 31814 18748 25313 24465 18249 29534 7641 13644 26506 29449 3925 29909 8629 17197 24091 10608 21423 30865 
5658 16797 130 24949 32745 21013 16042 19597 28978 31944 39 2967 20688 4597 1483 1901 8779 3286 3191 15803 4009 17956 17807 10152 17798 12254 13227 29624 21863 32327 16271 5872 4684 0 16640 28475 14260 10311 19012 9317 31342 2342 21131 27707 10904 28737 7126 24804 9498 6621 7722 26999 19127 12957 13774 9123 3301 13895 1475 10908 1265 6616 19076 26439 29011 3274 6398 21929 13646 23972 17874 27532 14028 19907 28873 3187 13943 24679 28823 14016 32282 28928 6867 22050 314 7353 9269 26436 19439 19268 5394 22708 23560 25320 3605 21776 16479 29640 22847 25207 
16593 4200 15075 17245 22299 1424 10641 10785 12968 19103 15747 1581 4893 5810 12082 21672 19798 17991 6133 32028 20488 23887 15303 1063 23460 28549 8266 22131 29054 25341 5388 16359 15918 16640 0 20 15961 14670 18257 11298 26497 5116 15793 819 4690 2098 13846 2175 21124 20305 12640 7539 26944 20132 21676 29874 3726 11011 12774 27982 7166 31403 16270 21063 1172 12636 3018 14915 17913 8884 30380 911 16095 14026 32708 10325 5812 11534 29416 26399 8843 2399 66 31627 29510 1901 2970 25423 30984 12368 16101 27504 26585 28265 11278 445 18842 15224 2563 1682 
21342 19966 10801 9681 25847 10598 20134 24233 26888 11684 15319 10135 25087 14273 28088 5007 17035 11520 15503 16778 30290 12481 19278 24969 25315 29093 12320 2775 29931 20979 2882 18319 3499 28475 20 0 4178 4979 26060 17741 1685 20556 13517 15135 15860 28627 12940 7205 15349 15195 24987 16387 21196 365 25806 11202 29970 19190 21910 28697 26057 13739 3231 23292 143 8128 14508 18533 5666 4297 24498 7777 6419 3055 9780 16477 5838 14167 30941 1458 14537 1231 29795 32623 18955 18362 10137 6502 31967 25661 3030 25208 27865 937 20357 2084 6409 31275 20236 20813 
10976 25760 13290 28829 6719 8147 25241 20209 7772 7028 10260 25778 31946 10838 24873 23422 14464 1061 25896 29307 1244 31831 12543 3308 27112 9568 19876 3842 32219 13349 30131 31988 22499 14260 15961 4178 0 27782 14179 30811 5857 278 5309 4491 3087 17348 15222 19328 27911 14402 21575 27512 16929 14244 38 19339 9083 219 17711 28610 6405 22894 9420 8562 12754 14971 18214 11486 24221 17901 26576 7436 23449 32766 28593 4583 13693 2287 26674 3221 13775 21254 13224 19994 17007 4296 14083 9261 31847 22391 24759 16473 10737 12750 14570 30039 14281 7931 26334 30378 
2109 18717 7 4501 4408 12251 3070 23909 19951 19328 11506 25370 13909 3073 19352 32496 12997 283 7752 7459 4249 19605 25150 24152 9464 2501 13574 23352 4591 20053 8754 19294 25027 10311 14670 4979 27782 0 12728 29809 31766 2292 6227 30120 619 7146 17930 8572 2638 3055 28507 924 15849 16312 21782 4660 17683 11620 11675 24221 21798 26700 4696 13120 6944 2570 11649 19146 23549 17095 9233 3221 26451 7368 30721 31318 14382 16186 24263 15107 24620 15421 18450 28422 6364 13871 4291 14760 5971 26682 7725 11191 32272 24095 23952 31609 2321 26436 25555 13780 
28207 18404 27754 25237 10958 4134 11143 9946 32108 19786 7013 3746 6193 7651 286 10286 30634 22111 16694 24703 17703 27100 29988 21190 14433 21821 31246 11292 15456 16509 23765 30579 23452 19012 18257 26060 14179 12728 0 19866 11807 89 2511 11615 16962 31293 5577 19091 30452 18801 3401 12248 17445 9222 716 11606 8645 20173 14624 30395 18483 9200 19182 31093 25060 1999 4487 26414 6742 26652 22254 12423 13878 8505 7974 27673 8400 26064 5309 26024 6839 1204 25752 20905 30133 10486 5376 24822 2549 28747 9196 12495 20590 29596 30864 21267 20114 7662 29734 27328 
29234 30566 22030 31928 22660 20149 9366 14852 13115 24324 2444 25532 23936 22059 32117 18981 31000 22313 15974 32209 13276 31175 24854 27750 361 28024 30775 15010 7448 17284 17927 32668 26673 9317 11298 17741 30811 29809 19866 0 18238 5154 19800 19331 2860 17124 31174 2202 8643 24639 19633 16545 32739 19309 20432 11021 12138 113 18664 13764 15855 29754 29486 29294 22461 9752 31458 26365 19213 4707 5928 3450 28551 29290 24104 3857 11771 30105 12137 1631 9307 24557 20585 21754 8700 14748 6017 22592 30733 31744 16632 2404 23126 26564 19044 21686 19509 28754 28744 13362 
21227 26216 18831 17521 12085 17244 5504 3962 15310 26039 8766 10518 23992 10499 32119 18254 5540 25280 24576 21426 10933 29202 20157 6314 29319 30646 17090 22791 23152 19002 7351 1501 5638 31342 26497 1685 5857 31766 11807 18238 0 13835 21682 3314 908 13885 12050 13136 21632 778 20176 13180 28616 14959 4927 12103 8890 18716 16507 556 24709 1517 17237 10598 24888 11682 11904 591 2066 15078 23804 31483 7440 22142 26050 4372 9652 23504 19633 15095 26898 11671 7352 5903 27424 22244 22340 32113 27454 13400 25835 20409 12803 8607 29530 8995 14922 26415 27771 8428 
14612 13905 27901 4541 3428 20524 19530 6523 119 26185 4408 13608 27980 25205 19947 32678 20298 11859 29198 25672 30092 26972 14532 9454 124 16421 13026 2929 23971 18656 16731 19009 13759 2342 5116 20556 278 2292 89 5154 13835 0 15088 29189 7105 19381 6806 4797 21121 9593 9112 31287 19312 22323 684 10858 7613 14535 27439 24922 23568 25748 31579 20675 26472 13376 29898 21257 27699 10437 1322 18783 26035 2491 6977 3893 17295 18407 1060 12007 3511 28420 19635 17315 8829 13008 9047 13467 27376 25433 13823 13675 8571 21641 18519 14284 1726 1263 32330 14969 
15827 9474 7086 178 19835 11985 16942 30383 3924 23833 15900 18389 16721 31252 25752 6486 17967 9878 14329 30139 2464 15774 3346 27935 28585 5674 5557 1435 21321 5968 29814 4097 22619 21131 15793 13517 5309 6227 2511 19800 21682 15088 0 4056 7960 30324 26685 27638 18119 7274 32581 23379 14432 14139 7078 25018 28873 9580 25661 5072 13177 31502 4167 8205 486 15201 11757 24570 5166 20646 14349 28077 16132 24131 1867 31106 29405 18717 27223 23578 16475 4657 29056 8345 3577 24436 14713 794 27384 20204 16745 8054 11144 28686 6201 19509 14906 32602 27929 24020 
22119 9173 25436 17344 16991 12564 1899 13936 1781 24984 32329 11995 9185 8332 1920 11062 10259 25713 5541 4497 26601 23673 22060 26715 25509 3377 27520 30761 29214 8291 3412 15027 950 27707 819 15135 4491 30120 11615 19331 3314 29189 4056 0 352 18351 30560 30522 19527 24774 23522 7813 11271 22806 7590 16656 8859 8832 17732 29920 13133 5949 14133 9083 11375 15619 4145 17975 27988 19835 5066 5572 25749 12258 2377 30972 17025 20477 8904 16105 7140 32323 19088 28694 30972 17733 29363 17178 3255 24672 17133 98 4146 16293 16567 24894 32366 17671 19884 13870 
12630 320 21375 8443 3402 9668 28947 2594 25205 29096 13175 14339 17386 11587 31992 4553 4600 13881 30968 2144 24748 23538 22162 30344 10134 24651 5757 18216 7888 28811 28723 21989 27965 10904 4690 15860 3087 619 16962 2860 908 7105 7960 352 0 26310 10142 22611 19773 3156 15884 19988 13089 16094 26829 21742 26296 16493 22154 28424 13590 32523 31558 16639 31544 31550 27466 3328 17421 24260 32592 21545 15813 16272 11759 14881 4697 19205 17990 1781 28506 21873 30700 25397 18685 2508 21526 10830 9319 13744 13320 28458 30005 28059 12481 3845 23118 1380 6114 28305 
8834 14466 8890 21594 20437 18622 1699 21255 7125 14062 18116 28366 16194 18080 3847 63 23422 21118 21242 25091 158 2583 9343 15552 22977 15586 25285 19005 29600 22143 21878 21447 20839 28737 2098 28627 17348 7146 31293 17124 13885 19381 30324 18351 26310 0 27683 5448 11435 821 6843 3557 853 14318 11281 32415 15957 19607 31447 21618 12699 16645 1715 15865 11875 7829 4989 10776 22798 9212 27830 21481 31039 27731 2380 2023 8249 23905 2956 3674 16760 26922 22886 26370 6541 28344 18664 16902 32573 17960 7412 25117 31452 17400 20036 21502 16359 16271 23711 9989 
17414 1436 7950 2761 26452 23215 27931 6669 10634 12104 23521 19786 16741 16958 17833 4404 13852 22012 6914 11443 10564 25302 7103 9691 30705 17309 8511 29470 30495 4208 24049 19648 20304 7126 13846 12940 15222 17930 5577 31174 12050 6806 26685 30560 10142 27683 0 17116 25446 18341 31127 29988 32545 26681 27534 8415 31125 17911 26119 25794 25950 17302 5885 8110 22076 25644 28892 9381 20346 30666 20492 18188 17309 22101 32699 15138 4432 17574 10729 1728 10639 24548 32441 32337 19218 11041 7926 2580 32507 6963 5603 12176 17091 15572 28231 7000 2913 20732 11960 9984 
18963 27766 24650 838 12439 28868 30484 29202 28667 8066 29528 30215 17176 11638 18136 18864 2782 1570 17439 30272 26950 19176 12562 27603 2183 19826 26568 28406 25229 2385 31131 32618 7335 24804 2175 7205 19328 8572 19091 2202 13136 4797 27638 30522 22611 5448 17116 0 3156 32267 17145 21692 12210 29908 27368 11929 14269 20778 15072 32156 332 1108 25117 9495 31442 26498 3979 3312 2333 9715 12580 27884 14413 31845 5519 6971 29971 31165 19446 10820 18987 11510 24103 25009 24091 27726 16621 24253 11564 8622 5808 26557 15273 18522 8266 16108 15446 2010 30764 123 
19018 30681 23572 12252 7564 6673 4527 27012 21358 31007 30376 10092 31097 29945 4465 9044 15164 16509 26809 11064 18580 16042 15321 2085 28970 16400 6767 18252 6460 13445 8008 6485 27553 9498 21124 15349 27911 2638 30452 8643 21632 21121 18119 19527 19773 11435 25446 3156 0 4837 9958 6565 13964 26297 26203 28844 19196 5837 23819 29533 11856 17144 4535 14321 22557 30812 9481 9193 3565 8940 897 14885 16464 32545 28830 24390 20259 2039 22352 12358 16672 7469 2973 18260 15014 23997 27026 2805 16329 29337 32108 25431 3484 17832 8454 29175 5821 24832 14981 10102 
30425 26280 4741 8962 25466 440 10177 5194 20462 437 17659 7497 27181 3469 8953 19197 9543 15833 25215 15211 26176 26211 16322 21313 29471 6373 6687 30394 22594 17684 9229 18882 14324 6621 20305 15195 14402 3055 18801 24639 778 9593 7274 24774 3156 821 18341 32267 4837 0 9488 29897 2824 14684 11952 20129 4045 26784 10387 14371 29072 13796 296 28178 16584 28586 3616 10337 4352 18704 9900 8156 4543 29848 12795 12561 29081 19004 26098 18564 26517 17585 12845 1043 32450 25082 4918 13734 20 13104 18947 13083 5763 10127 13237 8047 2405 24260 15759 6449 
29333 25586 22715 10101 23797 7320 11707 30941 4034 18018 17417 27698 16202 5752 17916 25853 22848 15058 1146 8219 22623 28494 1981 4461 31568 26879 7511 18897 25294 3016 1908 31057 23304 7722 12640 24987 21575 28507 3401 19633 20176 9112 32581 23522 15884 6843 31127 17145 9958 9488 0 9970 31337 14897 28691 22119 20130 16799 13133 741 8917 31817 25732 14287 8216 23771 7060 21502 7984 9516 15576 10432 19967 17888 15796 16662 30258 7233 22632 19753 20779 10842 15122 28174 5420 9556 32260 23994 10180 30229 27976 12103 8574 2070 29041 9064 3783 644 9123 19754 
13492 31552 28065 15589 12951 25333 10667 27017 23455 26427 31233 20307 23325 13937 657 13639 913 8802 12815 25372 614 21796 13125 7491 31709 19777 2218 8740 9032 25877 1589 3243 9080 26999 7539 16387 27512 924 12248 16545 13180 31287 23379 7813 19988 3557 29988 21692 6565 29897 9970 0 11769 14438 15736 28562 3963 26415 219 30159 20514 2186 24595 11692 9569 27114 2239 9865 2710 29747 20477 14699 201 31979 5324 9030 27300 31911 21668 12937 16565 22196 20051 21482 6627 7684 20249 2675 17454 860 1543 7884 27050 22715 31124 4554 32189 22028 31616 7736 
25225 14368 9465 18880 15589 5305 14437 20251 15415 32214 2069 32311 5793 28831 32225 13724 7258 30979 16462 25290 8621 938 3250 976 19013 3115 31897 26394 6567 31616 14952 7563 27904 19127 26944 21196 16929 15849 17445 32739 28616 19312 14432 11271 13089 853 32545 12210 13964 2824 31337 11769 0 15062 16013 4684 9556 20744 28145 2092 11865 20134 3182 19596 7753 6925 29081 28023 12791 12349 22405 14607 1597 22356 9129 7851 29704 13636 6411 22059 25510 9175 24497 27038 9037 4837 3400 32023 3311 28114 6933 28875 1852 16718 29979 14703 11768 7495 3726 2768 
8281 12533 7927 31842 6399 25344 10784 5956 12923 31330 20923 2932 30763 6350 9531 3300 26440 15216 3759 30905 22131 21550 5877 22701 31633 2094 14890 13745 985 14232 24676 32214 29227 12957 20132 365 14244 16312 9222 19309 14959 22323 14139 22806 16094 14318 26681 29908 26297 14684 14897 14438 15062 0 26035 8283 10574 32594 2208 8626 9484 24617 14971 16756 504 15394 4909 24813 15560 18224 30770 18981 24349 2286 29142 31887 7007 9839 17588 9970 727 18250 2923 31382 12812 25060 19619 17330 3938 31488 18751 29461 30705 9348 32483 1299 30370 18317 6824 29106 
20680 24292 3590 24821 16663 26645 26208 30046 16308 31734 12753 23303 7936 29814 12131 11877 15599 24012 2104 19100 17511 16978 15382 5103 7658 26775 14115 18042 21365 14255 29932 7459 27560 13774 21676 25806 38 21782 716 20432 4927 684 7078 7590 26829 11281 27534 27368 26203 11952 28691 15736 16013 26035 0 4264 8387 32413 10540 28027 474 21200 9835 13650 29090 17175 4728 25084 8295 3534 16844 14348 4277 13138 12658 4316 13254 18585 10895 7366 14126 30736 25902 6561 28613 19636 13903 14713 3541 9075 5426 13715 1668 24259 992 18848 24195 14467 9978 4927 
18251 30373 11196 5236 3583 25400 18228 13499 4702 28346 523 30301 22596 22763 31505 8891 21016 7906 32277 19768 8518 2476 26620 30456 15087 4150 4368 8168 17631 4204 12698 26878 16063 9123 29874 11202 19339 4660 11606 11021 12103 10858 25018 16656 21742 32415 8415 11929 28844 20129 22119 28562 4684 8283 4264 0 29801 14642 29298 25220 2542 19766 4608 19553 180 6281 16181 28650 5256 4483 11727 22352 8053 12671 25825 12150 29821 27915 1070 28991 9879 8530 3006 11801 30696 8906 453 19401 27973 22809 4789 15223 16873 5197 1953 30717 14194 1852 11988 22380 
29302 12823 4760 25629 25316 26425 2088 19393 15671 26051 8261 4988 21519 31842 23347 13715 1900 24232 25486 8767 30320 8123 28207 12292 32359 17743 20820 26174 11012 1745 5882 22013 31725 3301 3726 29970 9083 17683 8645 12138 8890 7613 28873 8859 26296 15957 31125 14269 19196 4045 20130 3963 9556 10574 8387 29801 0 6980 24530 21998 12972 20255 19455 12267 28354 7795 29972 26753 6557 20969 27712 6478 16399 19996 25020 20695 13569 23314 17588 18085 11391 3068 23671 9629 24069 17197 18145 2207 14859 3672 2056 1378 32463 22285 5926 24974 14434 9077 5318 19994 
24809 29092 6544 2916 20815 25801 5211 14998 4163 16524 15474 116 13186 27274 11404 27176 15258 10467 31448 15227 2628 3906 491 25589 4851 15639 13821 20293 31149 20775 23126 5348 5146 13895 11011 19190 219 11620 20173 113 18716 14535 9580 8832 16493 19607 17911 20778 5837 26784 16799 26415 20744 32594 32413 14642 6980 0 7753 12557 24625 32130 18169 18713 29305 27234 11109 22149 27297 30619 21170 9188 4449 17743 7141 1558 18990 19032 3624 12276 29203 3352 15678 17212 10444 1925 32324 19135 24611 628 26793 2505 19855 29733 24431 19665 6665 11791 7843 10081 
11397 22125 491 1411 9077 24224 137 10559 10684 1691 10857 20331 12306 23620 30121 30267 23087 22920 1360 16941 20969 31474 13711 26939 21916 9340 15687 24149 1486 18597 2250 20750 13843 1475 12774 21910 17711 11675 14624 18664 16507 27439 25661 17732 22154 31447 26119 15072 23819 10387 13133 219 28145 2208 10540 29298 24530 7753 0 14537 24660 32686 15770 14428 24218 23618 7186 2131 2235 13700 32378 17062 30459 326 14510 10085 10860 11812 30501 20917 24673 10538 388 13577 10002 24997 3173 24229 8080 26441 9832 14159 6380 32387 3195 16727 28834 18208 29029 3786 
16052 10874 28618 8287 32193 1571 407 12002 28605 7141 12405 14362 24543 16485 7048 18283 12683 30918 25970 7876 24963 18197 24353 1572 10075 5605 21738 13405 19245 1846 12764 13592 911 10908 27982 28697 28610 24221 30395 13764 556 24922 5072 29920 28424 21618 25794 32156 29533 14371 741 30159 2092 8626 28027 25220 21998 12557 14537 0 1540 5152 15292 26524 20888 31116 31966 13767 9518 951 20602 23104 8366 3743 10290 6341 32397 5335 30925 17626 18824 3764 8846 14863 20129 22200 11219 1938 1882 16190 10737 6904 30768 17766 29775 30280 16217 3394 32193 15688 
8295 6386 22722 15148 5070 6649 26680 26725 16270 10681 30772 4605 28777 24445 2599 7594 30477 971 21706 30291 9623 10207 19904 32547 18006 20824 30327 15581 28625 3632 28751 10607 23051 1265 7166 26057 6405 21798 18483 15855 24709 23568 13177 13133 13590 12699 25950 332 11856 29072 8917 20514 11865 9484 474 2542 12972 24625 24660 1540 0 32029 4407 6767 15086 11547 14582 381 11520 643 16992 27008 7812 28937 20734 15211 26381 30116 22509 19941 24145 10500 20690 11369 30269 16982 31747 17568 27707 1590 5619 5629 7618 24052 11742 16282 19487 4874 2485 2130 
3604 10498 16023 9124 14412 20316 27076 8116 17053 20259 16252 2977 29396 12484 22798 17362 31436 18808 13914 2551 4487 16398 16261 20460 8829 20202 3826 10720 1844 26446 5998 11190 32529 6616 31403 13739 22894 26700 9200 29754 1517 25748 31502 5949 32523 16645 17302 1108 17144 13796 31817 2186 20134 24617 21200 19766 20255 32130 32686 5152 32029 0 32591 22834 16039 916 17512 3095 31161 1635 15663 25733 21727 32728 21956 19223 29848 29440 120 2115 10729 20663 16655 24330 21569 24429 7224 29922 32142 24119 10057 13024 3231 12057 13374 3112 10683 5266 22003 21913 
12480 22626 7901 23030 26878 30498 26225 10495 22222 14375 12863 3650 27974 16707 21407 3395 31522 23118 5852 5551 29615 8822 29499 845 16104 12247 31801 23089 21726 19788 30741 4915 10333 19076 16270 3231 9420 4696 19182 29486 17237 31579 4167 14133 31558 1715 5885 25117 4535 296 25732 24595 3182 14971 9835 4608 19455 18169 15770 15292 4407 32591 0 3173 8254 12904 4438 9545 13299 1193 681 14421 34 28919 23141 24939 21957 16470 7810 8663 31031 12135 12713 16455 27807 26375 29885 16652 2975 17192 1960 29330 25661 1006 13671 18973 30993 17676 22360 3269 
22599 6697 15682 27947 22400 6469 17626 21975 29791 15933 25200 23011 19219 9690 11184 13338 30668 21975 16511 12700 19640 27390 20623 28966 9265 29325 7984 10131 9013 29406 31081 3491 22 26439 21063 23292 8562 13120 31093 29294 10598 20675 8205 9083 16639 15865 8110 9495 14321 28178 14287 11692 19596 16756 13650 19553 12267 18713 14428 26524 6767 22834 3173 0 29029 15904 4459 26658 32071 3090 23096 28859 14735 17894 8791 2518 14336 23041 270 24449 17722 9454 17556 11935 14710 30600 15730 19503 21888 12905 11288 28639 26613 8850 11453 3537 14014 2908 15740 19372 
20009 27252 21663 29735 27108 94 14287 15115 9757 29249 25270 23525 29982 11733 32381 17488 4836 12460 15802 6803 4715 28775 29659 1910 20524 4905 15304 21077 28131 3148 29124 882 15253 29011 1172 143 12754 6944 25060 22461 24888 26472 486 11375 31544 11875 22076 31442 22557 16584 8216 9569 7753 504 29090 180 28354 29305 24218 20888 15086 16039 8254 29029 0 1421 32382 2036 28083 20313 16006 25783 10523 2914 23795 23568 22136 21035 22626 6660 730 5826 9114 29982 18823 17479 13173 2188 11532 7069 9745 1146 6017 19823 28471 20654 3611 3174 13835 23908 
9541 12477 19255 28436 27596 13862 26950 24143 17701 11073 9153 2487 14753 21485 22688 6836 17181 8289 24010 23521 23767 19894 12168 32178 17792 28582 25402 3674 10130 18323 12873 10476 7139 3274 12636 8128 14971 2570 1999 9752 11682 13376 15201 15619 31550 7829 25644 26498 30812 28586 23771 27114 6925 15394 17175 6281 7795 27234 23618 31116 11547 916 12904 15904 1421 0 18819 29787 23012 6257 26586 18220 24239 30343 31222 6630 26697 31649 30385 6119 14001 29821 11624 22015 19522 18100 19512 29716 4748 18311 6781 7186 2418 24041 9095 2584 23684 15309 19870 2528 
3365 22892 15316 31386 6460 17833 7131 27017 10144 28714 25997 21005 14725 868 20320 12115 16822 14857 12298 10442 1845 18210 5699 23255 6945 1117 3532 6091 26077 23208 13744 13586 3951 6398 3018 14508 18214 11649 4487 31458 11904 29898 11757 4145 27466 4989 28892 3979 9481 3616 7060 2239 29081 4909 4728 16181 29972 11109 7186 31966 14582 17512 4438 4459 32382 18819 0 31942 13537 26129 25498 25278 27190 10491 28634 15877 29976 25877 2896 15912 8184 597 4306 7022 10039 6944 4088 25041 14995 10214 3492 9276 24534 18683 29646 5126 8893 19128 15509 14510 
21684 26645 16295 68 13092 7245 31651 27805 3690 9668 6304 18368 19449 20594 32198 15103 4966 31464 20339 22803 27932 2610 9101 20761 14673 21761 20502 21210 4921 18954 2048 2127 29817 21929 14915 18533 11486 19146 26414 26365 591 21257 24570 17975 3328 10776 9381 3312 9193 10337 21502 9865 28023 24813 25084 28650 26753 22149 2131 13767 381 3095 9545 26658 2036 29787 31942 0 32106 7525 22996 3232 22535 488 19733 1845 10771 25637 10626 13076 13547 25000 17350 17245 14618 2483 24397 4366 8725 19047 7327 29017 3634 822 23041 24360 28393 26760 25165 17389 
1491 22667 16344 13253 16885 25392 16138 17417 9688 16053 18222 19140 26223 26581 20323 23211 9070 14337 24996 21208 2130 4692 25583 4964 32417 23753 31911 24632 21875 6572 5688 26144 561 13646 17913 5666 24221 23549 6742 19213 2066 27699 5166 27988 17421 22798 20346 2333 3565 4352 7984 2710 12791 15560 8295 5256 6557 27297 2235 9518 11520 31161 13299 32071 28083 23012 13537 32106 0 1539 2214 2274 24020 629 18337 24494 21085 11742 31405 1780 9777 28490 13375 4493 30367 15781 4996 15784 20797 2103 26958 8676 3060 12129 1601 24752 21582 2453 7742 32231 
13382 29292 2519 14574 19159 31234 13951 30977 1981 24112 654 20286 26882 21676 32125 15247 9208 24142 588 21568 16332 18269 18107 26721 15966 32012 27325 8555 18256 23620 7210 26662 2398 23972 8884 4297 17901 17095 26652 4707 15078 10437 20646 19835 24260 9212 30666 9715 8940 18704 9516 29747 12349 18224 3534 4483 20969 30619 13700 951 643 1635 1193 3090 20313 6257 26129 7525 1539 0 7648 5975 7518 2627 29819 31771 14210 20581 1046 30296 6835 12543 9221 2294 4659 6462 31344 24026 17775 20024 15760 11921 24539 29375 31018 6720 4877 26723 5196 5322 
6920 30274 18580 1614 19715 24424 540 9226 6418 32432 16421 9096 17932 27811 12775 19632 15243 29829 12133 10759 25165 810 15603 3621 25562 30732 26614 3433 3431 3226 24812 16363 23035 17874 30380 24498 26576 9233 22254 5928 23804 1322 14349 5066 32592 27830 20492 12580 897 9900 15576 20477 22405 30770 16844 11727 27712 21170 32378 20602 16992 15663 681 23096 16006 26586 25498 22996 2214 7648 0 20347 28639 5166 24286 12153 4853 11372 12431 7760 6686 9153 14741 8442 31235 31958 15462 19576 3019 28564 23626 15311 1421 1979 15584 15942 25592 12741 24818 14814 
9499 15949 16509 26121 28865 8054 9198 11568 13340 17202 18067 5619 6393 872 21703 11539 932 21381 21333 1792 3676 7710 5770 10911 22788 9687 12174 6475 283 28035 17396 6170 21998 27532 911 7777 7436 3221 12423 3450 31483 18783 28077 5572 21545 21481 18188 27884 14885 8156 10432 14699 14607 18981 14348 22352 6478 9188 17062 23104 27008 25733 14421 28859 25783 18220 25278 3232 2274 5975 20347 0 31023 6494 14732 19679 12582 17776 21175 24174 9015 31943 4336 12709 11803 6359 19970 3953 6154 7256 3659 4017 21873 18291 21017 32389 31731 24880 10563 9430 
20943 28970 10498 25842 22310 23854 2329 3967 20811 29342 26992 1994 10941 29835 14624 6037 267 23001 25806 17667 7575 29426 13707 17906 27546 6075 5881 15754 3944 29128 2223 30742 758 14028 16095 6419 23449 26451 13878 28551 7440 26035 16132 25749 15813 31039 17309 14413 16464 4543 19967 201 1597 24349 4277 8053 16399 4449 30459 8366 7812 21727 34 14735 10523 24239 27190 22535 24020 7518 28639 31023 0 19499 22001 6623 4458 19276 12407 26295 22350 4867 11951 15154 15784 12965 8101 25788 15557 25273 27564 8422 29513 30834 4173 7556 15679 14700 21877 20231 
20982 27999 28857 474 26911 24263 18712 32569 14535 1724 16819 9270 31907 1260 17173 8322 10671 11830 29484 21661 26494 28849 6468 30197 13262 14576 32311 15954 25696 15492 7389 10865 31495 19907 14026 3055 32766 7368 8505 29290 22142 2491 24131 12258 16272 27731 22101 31845 32545 29848 17888 31979 22356 2286 13138 12671 19996 17743 326 3743 28937 32728 28919 17894 2914 30343 10491 488 629 2627 5166 6494 19499 0 19877 8249 6858 32369 22970 25060 23702 3287 26157 23246 50 5436 12429 27173 31713 27644 24462 1957 16357 4205 16196 13124 8531 8621 20893 25115 
11148 14635 27966 28639 10845 5876 4968 21525 14816 29496 8314 135 3539 28359 15827 5546 12068 28650 30055 32558 32272 11256 25864 27187 8076 28452 14053 27578 23012 5785 848 27481 9378 28873 32708 9780 28593 30721 7974 24104 26050 6977 1867 2377 11759 2380 32699 5519 28830 12795 15796 5324 9129 29142 12658 25825 25020 7141 14510 10290 20734 21956 23141 8791 23795 31222 28634 19733 18337 29819 24286 14732 22001 19877 0 28241 12312 12419 10459 10869 30976 18546 22767 14946 18165 12578 24780 27197 22936 13232 27976 385 15255 5447 3096 9214 29215 26812 27228 15127 
7786 9332 21898 5913 14505 13109 12298 5518 11432 15704 17025 8647 14947 1336 32495 31382 9968 30433 12094 22537 18613 21365 794 4591 9177 11215 12290 3991 11000 28261 22431 25819 30747 3187 10325 16477 4583 31318 27673 3857 4372 3893 31106 30972 14881 2023 15138 6971 24390 12561 16662 9030 7851 31887 4316 12150 20695 1558 10085 6341 15211 19223 24939 2518 23568 6630 15877 1845 24494 31771 12153 19679 6623 8249 28241 0 3090 10940 25448 32743 11312 15946 4774 18143 25016 22364 2517 6257 18047 2061 8100 21015 26662 30541 5412 23889 27096 23564 2599 25580 
19494 8294 23885 11218 23040 17903 5033 22295 9066 25935 10994 30787 13588 20995 31745 19161 19019 20661 5414 20217 8571 10674 21194 3962 31218 16286 27474 3642 7910 32359 29255 19122 9146 13943 5812 5838 13693 14382 8400 11771 9652 17295 29405 17025 4697 8249 4432 29971 20259 29081 30258 27300 29704 7007 13254 29821 13569 18990 10860 32397 26381 29848 21957 14336 22136 26697 29976 10771 21085 14210 4853 12582 4458 6858 12312 3090 0 29169 25056 6606 4557 14077 22138 11367 13752 26654 31067 9231 10262 18104 28389 3206 30453 15019 30035 27263 24775 4309 30629 20162 
9033 6056 11989 18783 25279 20 15975 2153 928 3514 9694 32007 4097 26662 23850 13238 17787 28001 17854 21869 314 15799 5956 12673 12881 13501 1167 7878 18000 29587 11473 30711 17433 24679 11534 14167 2287 16186 26064 30105 23504 18407 18717 20477 19205 23905 17574 31165 2039 19004 7233 31911 13636 9839 18585 27915 23314 19032 11812 5335 30116 29440 16470 23041 21035 31649 25877 25637 11742 20581 11372 17776 19276 32369 12419 10940 29169 0 10830 18000 23068 421 835 29895 14481 6134 25368 6518 6938 23777 9047 25747 29377 17072 17664 17521 19543 19898 26560 7212 
27409 8115 26908 4515 6581 3260 8544 11258 15755 5102 20978 27917 4669 7511 12664 9333 3665 21880 19007 17377 27400 9628 24888 14860 25478 1640 20033 31212 28468 24754 10662 557 31587 28823 29416 30941 26674 24263 5309 12137 19633 1060 27223 8904 17990 2956 10729 19446 22352 26098 22632 21668 6411 17588 10895 1070 17588 3624 30501 30925 22509 120 7810 270 22626 30385 2896 10626 31405 1046 12431 21175 12407 22970 10459 25448 25056 10830 0 14164 29101 30999 29323 8945 12392 23745 21605 8106 2206 21404 24528 25231 5544 18679 7873 27478 6265 12031 20508 4188 
20218 28399 17233 16606 20942 21797 28633 7174 9045 10195 20805 23962 22094 11277 24686 738 31598 22017 3539 4911 12885 26145 31280 17948 18113 24965 7506 24340 11778 27018 20265 25108 30894 14016 26399 1458 3221 15107 26024 1631 15095 12007 23578 16105 1781 3674 1728 10820 12358 18564 19753 12937 22059 9970 7366 28991 18085 12276 20917 17626 19941 2115 8663 24449 6660 6119 15912 13076 1780 30296 7760 24174 26295 25060 10869 32743 6606 18000 14164 0 1456 27505 26749 27650 4338 24919 11942 3138 659 29877 7079 16801 32066 23821 10963 27880 18380 1605 1454 19446 
28939 26835 12142 16632 20155 18171 32657 8189 5533 20418 12601 31315 16120 6115 17539 21678 28025 25827 8239 5345 24956 24648 18433 28335 647 2822 21094 4830 8727 1338 24923 21646 23456 32282 8843 14537 13775 24620 6839 9307 26898 3511 16475 7140 28506 16760 10639 18987 16672 26517 20779 16565 25510 727 14126 9879 11391 29203 24673 18824 24145 10729 31031 17722 730 14001 8184 13547 9777 6835 6686 9015 22350 23702 30976 11312 4557 23068 29101 1456 0 11652 3380 6614 31639 10979 10331 29074 19108 11965 22610 5904 23541 26176 8080 2079 32280 1639 3833 2136 
10373 26217 17142 14478 3127 12634 26952 29806 32606 18904 5943 7335 10213 18160 11566 24391 19891 6840 14200 12224 3459 18904 22448 23183 11759 15433 25209 31772 19149 2909 1392 24289 19135 28928 2399 1231 21254 15421 1204 24557 11671 28420 4657 32323 21873 26922 24548 11510 7469 17585 10842 22196 9175 18250 30736 8530 3068 3352 10538 3764 10500 20663 12135 9454 5826 29821 597 25000 28490 12543 9153 31943 4867 3287 18546 15946 14077 421 30999 27505 11652 0 21912 10799 10633 6089 10498 1607 6231 24859 17907 1476 11266 2998 1968 3748 20504 20116 21314 7824 
1507 23724 15529 24409 8258 20425 25307 7010 22659 31024 10858 19117 17665 8159 24617 24905 14811 30340 7903 13945 31387 5778 11778 30820 12058 12693 15810 2062 8094 27843 9290 20871 31814 6867 66 29795 13224 18450 25752 20585 7352 19635 29056 19088 30700 22886 32441 24103 2973 12845 15122 20051 24497 2923 25902 3006 23671 15678 388 8846 20690 16655 12713 17556 9114 11624 4306 17350 13375 9221 14741 4336 11951 26157 22767 4774 22138 835 29323 26749 3380 21912 0 19665 24064 17965 2086 26728 9854 16207 30104 22483 12634 25556 2232 2764 30307 19711 2905 28421 
21100 13136 20427 15706 27229 1585 32327 22208 24793 18165 2715 5160 5812 7017 27244 8052 11736 32548 18177 26778 21235 13933 13468 20391 20333 26713 29707 12292 30621 9268 29306 12536 18748 22050 31627 32623 19994 28422 20905 21754 5903 17315 8345 28694 25397 26370 32337 25009 18260 1043 28174 21482 27038 31382 6561 11801 9629 17212 13577 14863 11369 24330 16455 11935 29982 22015 7022 17245 4493 2294 8442 12709 15154 23246 14946 18143 11367 29895 8945 27650 6614 10799 19665 0 11750 9902 2080 22200 7034 16569 4795 1423 21253 7907 29722 24222 32211 31446 9202 9405 
171 28192 18377 12514 16074 30505 11964 4385 3338 13489 7554 28145 7534 10311 2242 15731 20840 8733 25134 17308 20964 2308 4266 14800 26759 24216 13233 5299 32313 21432 13813 23612 25313 314 29510 18955 17007 6364 30133 8700 27424 8829 3577 30972 18685 6541 19218 24091 15014 32450 5420 6627 9037 12812 28613 30696 24069 10444 10002 20129 30269 21569 27807 14710 18823 19522 10039 14618 30367 4659 31235 11803 15784 50 18165 25016 13752 14481 12392 4338 31639 10633 24064 11750 0 8527 11759 11612 3745 13467 13835 21839 25178 3244 22131 25593 19197 11322 26744 11516 
20154 2399 30998 6637 15015 5418 15415 7486 18893 7846 29755 3083 31776 16837 14811 5748 4684 2384 17996 17450 6987 5676 3441 30166 54 19419 18511 5561 603 9797 961 15247 24465 7353 1901 18362 4296 13871 10486 14748 22244 13008 24436 17733 2508 28344 11041 27726 23997 25082 9556 7684 4837 25060 19636 8906 17197 1925 24997 22200 16982 24429 26375 30600 17479 18100 6944 2483 15781 6462 31958 6359 12965 5436 12578 22364 26654 6134 23745 24919 10979 6089 17965 9902 8527 0 4480 26023 28039 19460 7973 19747 31501 27359 12828 1127 446 1221 15651 31734 
31264 4711 27359 21055 2998 2743 23796 17454 20889 2367 1801 4645 19287 6243 28357 31933 624 31154 30025 12064 18874 30651 12727 16248 3076 2594 21749 5032 28154 32755 31406 32315 18249 9269 2970 10137 14083 4291 5376 6017 22340 9047 14713 29363 21526 18664 7926 16621 27026 4918 32260 20249 3400 19619 13903 453 18145 32324 3173 11219 31747 7224 29885 15730 13173 19512 4088 24397 4996 31344 15462 19970 8101 12429 24780 2517 31067 25368 21605 11942 10331 10498 2086 2080 11759 4480 0 25942 23474 23115 24870 6809 12755 3152 1651 14540 26794 7344 12510 27666 
16321 28162 359 17968 11928 30211 28426 25228 18162 3311 4507 12057 1486 7957 14911 13879 4764 8822 506 31653 13740 880 5064 28231 4839 17566 23785 10023 31933 22010 6012 6587 29534 26436 25423 6502 9261 14760 24822 22592 32113 13467 794 17178 10830 16902 2580 24253 2805 13734 23994 2675 32023 17330 14713 19401 2207 19135 24229 1938 17568 29922 16652 19503 2188 29716 25041 4366 15784 24026 19576 3953 25788 27173 27197 6257 9231 6518 8106 3138 29074 1607 26728 22200 11612 26023 25942 0 5328 26852 32742 5331 19476 7120 17707 9472 8332 31032 14115 2065 
31794 11760 27106 15288 2470 6202 31573 32171 11045 7928 16815 17960 32077 10973 1825 27052 10621 2915 14996 17284 26004 1909 3475 27691 8444 26219 10597 10707 744 1340 16249 20290 7641 19439 30984 31967 31847 5971 2549 30733 27454 27376 27384 3255 9319 32573 32507 11564 16329 20 10180 17454 3311 3938 3541 27973 14859 24611 8080 1882 27707 32142 2975 21888 11532 4748 14995 8725 20797 17775 3019 6154 15557 31713 22936 18047 10262 6938 2206 659 19108 6231 9854 7034 3745 28039 23474 5328 0 11264 8016 14851 15876 23043 16570 9458 18532 7161 7138 9424 
385 9646 27126 19105 8267 30657 27058 26072 2727 25317 3805 4819 15751 28438 1300 17417 16784 8756 6987 10993 26481 6917 703 19235 7796 23930 31276 18618 6482 13363 14656 30204 13644 19268 12368 25661 22391 26682 28747 31744 13400 25433 20204 24672 13744 17960 6963 8622 29337 13104 30229 860 28114 31488 9075 22809 3672 628 26441 16190 1590 24119 17192 12905 7069 18311 10214 19047 2103 20024 28564 7256 25273 27644 13232 2061 18104 23777 21404 29877 11965 24859 16207 16569 13467 19460 23115 26852 11264 0 4163 7111 28874 16577 9753 30046 25112 23322 29487 6993 
17129 307 24004 27509 23335 30963 29525 31121 29860 20548 13386 19255 1638 14883 32639 7264 4817 19572 31770 32047 6347 15509 13256 4901 8221 19001 8778 31384 25884 19572 24113 23649 26506 5394 16101 3030 24759 7725 9196 16632 25835 13823 16745 17133 13320 7412 5603 5808 32108 18947 27976 1543 6933 18751 5426 4789 2056 26793 9832 10737 5619 10057 1960 11288 9745 6781 3492 7327 26958 15760 23626 3659 27564 24462 27976 8100 28389 9047 24528 7079 22610 17907 30104 4795 13835 7973 24870 32742 8016 4163 0 7087 7842 12853 12354 31104 8761 30266 22558 13504 
3512 17717 1604 12022 18931 28589 14492 5359 27205 15427 23925 19661 31917 20298 23786 24338 25907 17397 20336 1068 13600 30396 11950 25079 622 20225 2191 17028 21374 19444 26773 10265 29449 22708 27504 25208 16473 11191 12495 2404 20409 13675 8054 98 28458 25117 12176 26557 25431 13083 12103 7884 28875 29461 13715 15223 1378 2505 14159 6904 5629 13024 29330 28639 1146 7186 9276 29017 8676 11921 15311 4017 8422 1957 385 21015 3206 25747 25231 16801 5904 1476 22483 1423 21839 19747 6809 5331 14851 7111 7087 0 25291 4035 23460 6748 14157 28478 13946 2060 
2592 763 23301 20805 24798 21174 29753 24510 19829 21033 32372 7820 4806 11844 21049 9788 16636 26901 4526 22377 8466 10043 4163 13269 31126 29086 23955 19896 4268 16221 30607 16727 3925 23560 26585 27865 10737 32272 20590 23126 12803 8571 11144 4146 30005 31452 17091 15273 3484 5763 8574 27050 1852 30705 1668 16873 32463 19855 6380 30768 7618 3231 25661 26613 6017 2418 24534 3634 3060 24539 1421 21873 29513 16357 15255 26662 30453 29377 5544 32066 23541 11266 12634 21253 25178 31501 12755 19476 15876 28874 7842 25291 0 14468 20953 18354 16409 26936 19162 11280 
14585 7150 22785 4318 31030 14544 22221 21096 23315 6670 12249 7472 5169 20625 23547 18956 6434 16755 9078 22904 7293 30910 14009 31872 1074 6519 28234 9441 18716 3803 18173 24683 29909 25320 28265 937 12750 24095 29596 26564 8607 21641 28686 16293 28059 17400 15572 18522 17832 10127 2070 22715 16718 9348 24259 5197 22285 29733 32387 17766 24052 12057 1006 8850 19823 24041 18683 822 12129 29375 1979 18291 30834 4205 5447 30541 15019 17072 18679 23821 26176 2998 25556 7907 3244 27359 3152 7120 23043 16577 12853 4035 14468 0 17502 2274 13384 16295 14987 12343 
18636 26134 14902 26768 4413 8245 11202 9580 21106 28806 3395 24266 3309 3217 22769 5528 12090 5313 10582 18120 7378 4029 5969 24903 7233 12277 14689 22575 28804 6011 10272 9533 8629 3605 11278 20357 14570 23952 30864 19044 29530 18519 6201 16567 12481 20036 28231 8266 8454 13237 29041 31124 29979 32483 992 1953 5926 24431 3195 29775 11742 13374 13671 11453 28471 9095 29646 23041 1601 31018 15584 21017 4173 16196 3096 5412 30035 17664 7873 10963 8080 1968 2232 29722 22131 12828 1651 17707 16570 9753 12354 23460 20953 17502 0 16105 14324 21746 29557 13658 
2412 5387 16300 12985 11890 29589 5749 17770 26235 23401 3694 12646 25 27168 29401 26804 27075 18082 14352 4884 24013 27975 10012 23360 2711 1852 26500 8563 2820 20777 23395 14120 17197 21776 445 2084 30039 31609 21267 21686 8995 14284 19509 24894 3845 21502 7000 16108 29175 8047 9064 4554 14703 1299 18848 30717 24974 19665 16727 30280 16282 3112 18973 3537 20654 2584 5126 24360 24752 6720 15942 32389 7556 13124 9214 23889 27263 17521 27478 27880 2079 3748 2764 24222 25593 1127 14540 9472 9458 30046 31104 6748 18354 2274 16105 0 10357 23102 17775 2715 
19917 20069 22067 25909 15198 3078 19096 16241 18600 18800 14018 4347 2097 2977 5639 2275 18838 3411 31627 25544 13521 32044 10156 15270 10935 27701 3229 2544 3780 141 1616 4063 24091 16479 18842 6409 14281 2321 20114 19509 14922 1726 14906 32366 23118 16359 2913 15446 5821 2405 3783 32189 11768 30370 24195 14194 14434 6665 28834 16217 19487 10683 30993 14014 3611 23684 8893 28393 21582 4877 25592 31731 15679 8531 29215 27096 24775 19543 6265 18380 32280 20504 30307 32211 19197 446 26794 8332 18532 25112 8761 14157 16409 13384 14324 10357 0 3592 23370 20621 
16382 9590 3170 915 1106 20624 15381 5561 19808 19749 15451 15129 20974 11185 32082 32422 7985 31337 29415 26859 11931 21445 31048 8873 3572 13884 23965 10946 19884 2382 24307 9045 10608 29640 15224 31275 7931 26436 7662 28754 26415 1263 32602 17671 1380 16271 20732 2010 24832 24260 644 22028 7495 18317 14467 1852 9077 11791 18208 3394 4874 5266 17676 2908 3174 15309 19128 26760 2453 26723 12741 24880 14700 8621 26812 23564 4309 19898 12031 1605 1639 20116 19711 31446 11322 1221 7344 31032 7161 23322 30266 28478 26936 16295 21746 23102 3592 0 12431 4743 
17265 1481 12022 1665 23452 2624 28904 12264 31216 9962 24123 8001 559 5775 21603 21183 30225 7961 24693 18103 13798 24487 9446 21587 13436 17630 19605 26763 8771 6015 12044 10065 21423 22847 2563 20236 26334 25555 29734 28744 27771 32330 27929 19884 6114 23711 11960 30764 14981 15759 9123 31616 3726 6824 9978 11988 5318 7843 29029 32193 2485 22003 22360 15740 13835 19870 15509 25165 7742 5196 24818 10563 21877 20893 27228 2599 30629 26560 20508 1454 3833 21314 2905 9202 26744 15651 12510 14115 7138 29487 22558 13946 19162 14987 29557 17775 23370 12431 0 8786 
15148 12548 11731 8401 15937 10917 24461 14861 18585 26047 2842 24342 10157 3639 12250 18590 19703 15595 31553 17947 682 10648 17195 7880 22688 13308 31344 1005 23956 2103 21433 30817 30865 25207 1682 20813 30378 13780 27328 13362 8428 14969 24020 13870 28305 9989 9984 123 10102 6449 19754 7736 2768 29106 4927 22380 19994 10081 3786 15688 2130 21913 3269 19372 23908 2528 14510 17389 32231 5322 14814 9430 20231 25115 15127 25580 20162 7212 4188 19446 2136 7824 28421 9405 11516 31734 27666 2065 9424 6993 13504 2060 11280 12343 13658 2715 20621 4743 8786 0 
