10 0 0 0 0 0 0 0 0 0 
0 26101 25890 11592 3922 2363 6572 11019 917 18934 
26101 0 22132 13199 31845 16113 4000 5217 15133 17669 
25890 22132 0 14403 20764 3603 5034 26557 27056 21824 
11592 13199 14403 0 4120 19214 6729 4163 21091 21131 
3922 31845 20764 4120 0 25451 16612 31952 7991 31270 
2363 16113 3603 19214 25451 0 1432 23292 14176 26767 
6572 4000 5034 6729 16612 1432 0 4725 30884 25243 
11019 5217 26557 4163 31952 23292 4725 0 18060 1490 
917 15133 27056 21091 7991 14176 30884 18060 0 1161 
18934 17669 21824 21131 31270 26767 25243 1490 1161 0 
